g-band PS1-10a   55200.9  0.8  0.8 -1.0 0.3 0.3 -2.4 0.5 0.5 -3.1 0.3 0.4 -2.9 0.5 0.5 -5.0 1.2 1.1 1.0 0.3 0.2  5  1  1 106 33 25 10  7  4 2.10 0.45 0.25 0.005 0.006 0.003
g-band PS1-10b   55204.0  0.4  0.5 -1.0 0.3 0.3 -2.8 0.3 0.3 -2.7 0.2 0.2 -3.0 0.5 0.5 -4.9 1.0 1.1 1.0 0.4 0.3  7  1  1 102 38 28 10  6  4 1.93 0.11 0.10 0.008 0.017 0.006
g-band PS1-10q   55200.4  0.7  0.7 -1.0 0.3 0.3 -2.4 0.5 0.5 -3.1 0.0 0.0 -2.9 0.5 0.6 -4.9 1.0 1.0 1.0 0.4 0.3  4  1  1 109 31 24 10  8  4 0.77 0.03 0.03 0.016 0.004 0.003
g-band PS1-10t   55205.2  0.9  0.8 -1.0 0.3 0.3 -2.2 0.6 0.5 -3.5 0.1 0.1 -3.1 0.5 0.4 -5.1 1.1 0.9 1.0 0.3 0.3  5  1  1  97 32 24 10  7  4 0.37 0.02 0.02 0.011 0.007 0.007
g-band PS1-10ae  55239.3  0.1  0.1 -1.1 0.3 0.3 -2.7 0.5 0.5 -3.3 0.1 0.1 -3.0 0.5 0.5 -5.6 0.7 0.7 0.9 0.2 0.2  3  1  0  76 24 22 10  5  4 0.84 0.02 0.02 0.005 0.006 0.003
g-band PS1-10lv  55379.1  3.0  3.9 -1.0 0.3 0.3 -2.1 0.6 0.6 -3.1 0.0 0.0 -3.0 0.5 0.5 -4.9 0.9 0.8 1.0 0.3 0.3  5  2  1  99 34 23 10  6  4 1.96 0.25 0.16 0.007 0.011 0.005
g-band PS1-10mb  55374.4  0.8  0.9 -1.0 0.3 0.3 -2.4 0.5 0.5 -3.8 0.3 0.2 -3.0 0.5 0.5 -5.1 1.0 1.0 1.0 0.3 0.3  4  1  1  99 34 24 10  7  4 0.11 0.02 0.01 0.008 0.005 0.004
g-band PS1-10zu  55354.8 24.7  5.5 -1.0 0.3 0.3 -2.1 0.6 0.6 -3.7 0.1 0.1 -2.8 0.5 0.5 -4.4 0.9 1.2 1.0 0.4 0.3  5  2  1 118 25 21 11  9  5 0.78 0.20 0.30 0.017 0.005 0.004
g-band PS1-10abd 55387.4  3.5  4.5 -1.0 0.3 0.3 -2.1 0.6 0.6 -2.8 0.1 0.1 -3.0 0.5 0.5 -5.1 1.0 1.0 1.0 0.4 0.3  5  2  1  94 36 27 10  7  4 4.41 1.41 0.92 0.033 0.027 0.026
g-band PS1-10agh 55433.9  0.4  0.8 -1.0 0.3 0.3 -2.1 0.7 0.6 -2.9 0.0 0.0 -3.0 0.5 0.5 -5.0 1.0 1.1 1.0 0.4 0.3  5  2  1 101 33 28 10  7  4 3.03 0.30 0.29 0.013 0.017 0.010
g-band PS1-10awc 55454.2  0.2  0.4 -1.0 0.3 0.3 -2.6 0.2 0.3 -3.1 0.1 0.1 -3.1 0.5 0.5 -5.0 0.9 1.0 1.0 0.3 0.2  6  1  1  95 36 31 10  7  4 1.62 0.10 0.09 0.007 0.010 0.005
g-band PS1-10biu 55495.0  0.5  0.7 -1.0 0.3 0.3 -2.2 0.6 0.6 -2.8 0.2 0.2 -3.0 0.5 0.5 -4.9 1.0 0.9 0.9 0.3 0.2  4  1  1 101 33 24 10  7  4 2.39 0.15 0.14 0.008 0.014 0.006
g-band PS1-10blk 55508.3  0.1  0.2 -1.0 0.3 0.3 -2.5 0.4 0.5 -3.4 0.1 0.0 -3.0 0.5 0.5 -5.0 1.0 1.0 1.0 0.3 0.2  4  1  1  99 35 27  9  7  4 1.99 0.13 0.13 0.011 0.010 0.008
g-band PS1-11u   55509.4 11.9 17.5 -1.0 0.3 0.3 -2.1 0.5 0.6 -3.6 0.2 0.3 -2.7 0.6 0.4 -2.8 0.4 2.0 1.0 0.4 0.3  5  2  1  74 15 15 13 12  6 0.68 0.32 0.24 0.001 0.001 0.001
g-band PS1-11z   55539.0  7.5 12.4 -1.0 0.3 0.3 -2.1 0.6 0.6 -3.1 0.1 0.1 -3.0 0.5 0.5 -4.9 1.0 1.1 1.0 0.4 0.3  5  2  1 106 33 23 10  7  4 2.86 1.33 0.74 0.047 0.018 0.016
g-band PS1-11ai  55498.6 14.2 11.5 -1.0 0.3 0.3 -2.1 0.6 0.6 -3.6 0.3 0.3 -3.0 0.5 0.5 -4.7 0.9 1.0 1.0 0.4 0.3  5  2  1 110 39 27 10  7  4 1.05 0.73 0.39 0.007 0.011 0.005
g-band PS1-11ak  55592.9  0.8  0.9 -1.0 0.3 0.3 -2.1 0.6 0.6 -3.4 1.0 0.9 -3.0 0.5 0.5 -5.0 0.9 0.9 1.0 0.3 0.3  5  2  1 101 31 25 10  6  4 0.95 0.96 0.50 0.010 0.029 0.007
g-band PS1-11bo  55574.2  1.0  0.9 -1.0 0.3 0.3 -2.1 0.6 0.6 -3.9 0.1 0.1 -3.0 0.5 0.5 -5.0 0.9 0.9 1.0 0.4 0.3  5  2  1 109 33 21 10  5  4 0.54 0.04 0.03 0.004 0.005 0.003
g-band PS1-11fl  55559.2 12.9 13.6 -1.0 0.3 0.3 -2.1 0.5 0.6 -3.4 0.1 0.2 -2.9 0.5 0.5 -4.7 1.1 1.1 1.0 0.4 0.3  5  2  1 112 34 25 11  7  4 1.48 0.80 0.32 0.047 0.016 0.012
g-band PS1-11jg  55497.5  9.4 10.9 -1.0 0.3 0.3 -2.1 0.6 0.5 -3.4 1.0 1.1 -3.0 0.5 0.5 -5.0 1.0 1.0 1.0 0.4 0.3  5  2  1 101 31 24 10  7  4 1.00 1.09 0.50 0.010 0.025 0.007
g-band PS1-11kf  55578.9  7.5  8.5 -1.0 0.3 0.3 -2.0 0.6 0.7 -3.0 0.2 0.2 -2.9 0.5 0.5 -4.8 1.1 1.1 1.0 0.4 0.3  6  2  1 113 35 25 10  7  4 5.15 1.97 1.19 0.010 0.018 0.007
g-band PS1-11li  55600.7  0.7  0.8 -1.0 0.3 0.3 -2.2 0.4 0.5 -3.5 0.1 0.1 -3.0 0.5 0.5 -5.0 1.0 0.9 1.0 0.3 0.3  4  1  1 101 36 17 10  7  4 0.27 0.04 0.03 0.005 0.004 0.003
g-band PS1-11lj  55603.6  0.6  0.7 -1.0 0.3 0.3 -2.7 0.5 0.5 -3.9 0.1 0.1 -2.4 0.3 0.3 -4.8 1.2 1.1 0.9 0.3 0.2  4  1  1  82  3  4 18  7  6 0.52 0.03 0.03 0.004 0.005 0.003
g-band PS1-11lr  55611.5  0.5  0.6 -1.0 0.3 0.3 -2.1 0.7 0.6 -4.0 0.1 0.1 -3.0 0.5 0.5 -5.0 1.0 0.9 1.0 0.4 0.3  5  2  1 100 37 26 10  6  4 0.46 0.03 0.03 0.003 0.003 0.002
g-band PS1-11lq  55612.4  0.7  0.7 -1.0 0.3 0.3 -2.6 0.5 0.5 -2.9 0.1 0.1 -3.0 0.5 0.5 -5.1 1.0 0.9 0.9 0.3 0.2  4  1  1  99 35 28 10  6  4 1.31 0.09 0.08 0.009 0.007 0.006
g-band PS1-11md  55616.6  4.3  5.4 -1.0 0.3 0.3 -2.1 0.6 0.6 -3.1 0.1 0.1 -3.0 0.5 0.5 -5.0 1.0 1.1 1.0 0.3 0.3  5  2  1  98 35 25 10  6  4 2.89 0.55 0.41 0.006 0.009 0.004
g-band PS1-11pf  55633.2  0.2  0.4 -1.0 0.3 0.3 -2.1 0.5 0.5 -2.8 0.1 0.1 -3.0 0.5 0.5 -5.0 1.0 1.0 1.0 0.3 0.3  5  2  1  99 32 26 10  6  4 2.24 0.32 0.32 0.006 0.010 0.004
g-band PS1-11qe  55644.4  0.5  0.9 -1.0 0.3 0.3 -2.1 0.6 0.7 -3.2 0.1 0.1 -2.3 0.3 0.3 -4.4 1.0 1.2 0.9 0.3 0.2  4  1  1  46  9  4 15  7  6 5.31 0.24 0.22 0.010 0.020 0.007
g-band PS1-11si  55671.1  0.6  0.7 -1.0 0.3 0.3 -2.1 0.6 0.6 -3.5 1.0 1.0 -3.0 0.5 0.5 -5.0 1.0 1.0 1.0 0.4 0.2  5  2  1  99 35 23 10  6  4 1.03 0.92 0.52 0.010 0.033 0.007
g-band PS1-11sm  55659.3  0.6  0.8 -1.0 0.3 0.3 -2.7 0.5 0.5 -2.6 0.2 0.1 -3.0 0.5 0.5 -5.1 0.9 0.9 1.0 0.3 0.3  4  1  1  99 35 26 10  6  4 2.22 0.17 0.14 0.018 0.047 0.014
g-band PS1-11ua  55646.7  7.3 11.3 -1.0 0.3 0.3 -2.1 0.6 0.5 -2.9 0.2 0.1 -3.0 0.5 0.5 -5.0 0.9 1.0 1.0 0.4 0.3  5  2  1 101 33 23 10  7  4 5.08 2.47 1.44 0.008 0.019 0.006
g-band PS1-11uv  55670.8  0.6  1.4 -1.0 0.3 0.3 -2.5 0.6 0.6 -3.5 0.1 0.1 -3.0 0.5 0.5 -5.0 0.9 0.9 0.9 0.3 0.2  3  1  1  99 32 23 10  7  4 0.42 0.01 0.01 0.003 0.003 0.002
g-band PS1-11vn  55673.1  0.4  0.5 -1.0 0.3 0.3 -3.1 0.4 0.4 -2.8 0.2 0.1 -3.0 0.5 0.5 -5.0 1.0 1.0 0.9 0.3 0.2  4  1  1 101 31 25 10  6  4 1.60 0.14 0.10 0.044 0.023 0.026
g-band PS1-11wj  55669.5  0.6  0.8 -1.0 0.3 0.3 -2.3 0.6 0.5 -3.4 0.8 0.9 -3.0 0.5 0.5 -5.0 1.0 0.9 1.0 0.3 0.3  4  1  1  98 35 24 10  7  4 0.77 0.11 0.10 0.110 0.039 0.030
g-band PS1-11yh  55690.8  4.3  5.5 -1.0 0.3 0.3 -2.1 0.6 0.6 -3.1 0.1 0.1 -3.0 0.5 0.5 -5.0 1.0 0.9 1.0 0.4 0.3  5  2  1 102 34 27 10  6  4 2.14 0.41 0.34 0.009 0.019 0.006
g-band PS1-11amh 55790.3  0.5  0.6 -1.0 0.3 0.3 -2.2 0.7 0.6 -3.5 0.1 0.1 -3.5 0.4 0.5 -5.5 0.5 0.8 0.9 0.3 0.2  3  1  1  36  4  3  6  3  2 2.15 0.06 0.05 0.052 0.008 0.007
g-band PS1-11amv 55801.5  0.6  0.4 -1.0 0.3 0.4 -1.7 0.5 0.6 -3.4 0.9 1.0 -3.0 0.5 0.4 -5.0 1.0 0.9 1.0 0.3 0.3  6  2  1 100 37 24 10  6  4 0.44 0.35 0.16 0.003 0.001 0.002
g-band PS1-11anm 55763.4  0.8  1.3 -1.0 0.3 0.3 -2.0 0.6 0.6 -1.5 1.0 1.6 -3.0 0.5 0.5 -5.0 1.0 0.9 0.9 0.3 0.2  4  1  1  99 36 28 10  7  4 0.05 0.05 0.02 0.010 0.002 0.002
g-band PS1-11aof 55777.1  0.5  0.3 -1.0 0.3 0.3 -2.7 0.5 0.5 -2.6 0.1 0.1 -3.0 0.5 0.5 -4.9 1.0 1.0 0.9 0.3 0.2  3  1  1  99 34 24 10  6  4 3.45 0.18 0.17 0.147 0.015 0.013
g-band PS1-11apd 55789.3  0.8  0.7 -1.0 0.3 0.3 -2.2 0.6 0.6 -3.6 0.0 0.0 -3.1 0.5 0.6 -4.4 0.9 0.8 0.9 0.3 0.2  4  1  1 107 36 27 11  9  4 1.16 0.03 0.03 0.033 0.004 0.004
g-band PS1-11asz 55822.9  0.3  0.3 -1.0 0.3 0.3 -1.0 0.3 0.4 -3.2 0.2 0.2 -3.0 0.5 0.5 -5.0 1.0 1.0 1.0 0.3 0.2  4  1  1 100 35 26 10  7  4 0.88 0.11 0.08 0.074 0.017 0.014
g-band PS1-11awd 55849.3  0.4  1.2 -1.0 0.3 0.3 -2.7 0.6 0.5 -4.0 0.1 0.1 -3.0 0.5 0.5 -4.8 0.7 0.6 0.9 0.3 0.2  3  1  1 108 36 20 10  7  4 0.65 0.02 0.02 0.013 0.004 0.004
g-band PS1-11azd 55880.3  0.0  0.1 -1.0 0.3 0.3 -2.6 0.4 0.4 -4.4 0.3 0.5 -2.9 0.5 0.5 -3.9 0.5 0.5 0.9 0.3 0.2  4  1  1 101 33 27 11  7  5 0.72 0.02 0.02 0.014 0.003 0.002
g-band PS1-11azi 55877.5  0.5  0.5 -1.0 0.3 0.3 -2.1 0.6 0.6 -2.8 0.2 0.2 -3.0 0.5 0.5 -5.2 0.9 1.0 1.0 0.3 0.3  5  2  1  95 35 25 10  6  4 4.01 0.53 0.43 0.179 0.028 0.027
g-band PS1-11azt 55878.8  0.3  0.4 -1.0 0.3 0.3 -2.0 0.6 0.6 -3.4 0.2 0.2 -3.0 0.6 0.5 -5.2 1.0 0.8 1.0 0.4 0.2  5  1  1  95 31 25 10  6  4 1.47 0.10 0.08 0.012 0.026 0.009
g-band PS1-11azv 55876.8  0.7  1.1 -1.0 0.3 0.3 -2.1 0.5 0.6 -3.9 0.1 0.1 -3.0 0.5 0.5 -5.1 0.9 0.8 1.0 0.3 0.2  5  2  1 102 35 31 10  6  4 0.57 0.05 0.05 0.007 0.010 0.005
g-band PS1-11bbg 55888.0  0.3  0.7 -1.0 0.3 0.3 -2.1 0.6 0.6 -3.0 0.1 0.1 -3.0 0.5 0.5 -4.7 1.0 1.0 1.0 0.4 0.3  5  1  1 104 32 27 10  7  4 1.70 0.14 0.12 0.082 0.012 0.011
g-band PS1-12c   55852.4 11.1  9.3 -1.0 0.3 0.3 -2.1 0.6 0.6 -3.9 0.3 0.3 -2.3 0.3 0.3 -4.6 0.7 0.7 1.0 0.3 0.3  5  2  1  86 10  9 16  6  5 0.32 0.16 0.10 0.007 0.002 0.002
g-band PS1-12d   55899.0  5.7  2.1 -1.0 0.3 0.3 -2.1 0.6 0.6 -3.3 0.1 0.0 -3.0 0.5 0.5 -4.8 0.9 1.0 1.0 0.3 0.3  5  1  1 109 30 20 10  6  4 1.93 0.18 0.18 0.029 0.008 0.007
g-band PS1-12y   55924.2  1.6 31.3 -1.0 0.3 0.3 -2.1 0.6 0.6 -3.6 0.1 0.1 -1.8 0.3 0.5 -5.0 2.0 1.1 1.0 0.4 0.3  5  2  1  64 26  4 16  6  6 1.76 1.34 0.14 0.021 0.009 0.010
g-band PS1-12bt  55827.5 15.0 13.5 -1.0 0.3 0.3 -2.1 0.6 0.6 -3.2 0.3 0.4 -3.0 0.5 0.4 -5.0 0.2 0.2 1.0 0.4 0.3  5  1  1  78 16 14 10  6  3 0.81 0.79 0.41 0.001 0.001 0.001
g-band PS1-12rk  55996.2  0.5  0.6 -1.0 0.3 0.3 -2.3 0.6 0.6 -3.9 0.2 0.1 -3.1 0.5 0.5 -5.0 0.7 0.7 0.9 0.3 0.2  3  1  1  97 39 30 10  6  4 0.26 0.02 0.02 0.014 0.003 0.004
g-band PS1-12wn  55999.3  0.6  0.3 -1.0 0.3 0.3 -1.9 0.5 0.5 -3.3 0.2 0.2 -3.0 0.5 0.5 -4.9 1.0 0.9 1.0 0.4 0.3  6  1  1 101 34 25 11  7  5 0.23 0.03 0.03 0.009 0.007 0.006
g-band PS1-12zd  56016.1  0.1  0.3 -1.0 0.3 0.3 -2.2 0.5 0.5 -3.2 0.1 0.1 -3.0 0.5 0.5 -4.8 0.9 1.0 1.0 0.3 0.3  5  2  1 113 31 27 10  6  4 1.69 0.12 0.13 0.015 0.006 0.006
g-band PS1-12zp  56019.4  0.1  0.1 -1.0 0.3 0.3 -2.1 0.5 0.6 -3.2 0.1 0.1 -3.0 0.6 0.5 -5.1 1.1 0.9 1.0 0.4 0.3  6  3  2 100 31 24 10  6  4 1.09 0.11 0.07 0.009 0.009 0.006
g-band PS1-12auw 56080.7  0.4  0.5 -1.0 0.3 0.3 -2.1 0.6 0.6 -3.0 0.2 0.2 -3.0 0.5 0.5 -4.9 0.9 0.9 1.0 0.3 0.3  5  1  1 105 34 24 10  6  4 1.64 0.10 0.07 0.004 0.003 0.002
g-band PS1-12bku 56160.7  0.3  0.2 -0.9 0.3 0.3 -0.5 0.3 0.3 -3.5 0.0 0.0 -3.0 0.5 0.5 -5.3 0.5 0.8 1.0 0.3 0.2  5  1  1 105 20 22 10  5  3 2.46 0.10 0.12 0.007 0.005 0.005
g-band PS1-12bmp 56201.1  0.3  0.5 -1.0 0.3 0.3 -2.1 0.6 0.6 -4.3 0.1 0.1 -2.8 0.4 0.3 -4.4 0.8 0.5 0.9 0.3 0.2  4  1  1  80  8 11 11  7  4 0.64 0.01 0.01 0.012 0.005 0.005
g-band PS1-12bml 56200.8  1.0  3.8 -1.0 0.3 0.3 -2.1 0.6 0.6 -2.6 0.5 0.5 -3.0 0.5 0.5 -5.0 0.9 1.0 1.0 0.3 0.3  4  2  1 100 35 24 10  7  4 0.04 0.02 0.01 0.006 0.001 0.001
g-band PS1-12blz 56201.6  0.8  0.9 -1.0 0.3 0.3 -2.4 0.5 0.5 -3.0 0.0 0.0 -2.9 0.4 0.5 -4.8 0.8 1.0 1.0 0.3 0.2  4  1  1 109 36 24 10  6  4 2.89 0.04 0.04 0.012 0.004 0.005
g-band PS1-12boi 56201.6  0.8  0.8 -1.0 0.3 0.3 -2.3 0.6 0.6 -3.9 0.3 0.4 -2.8 0.5 0.5 -4.3 0.8 1.1 0.9 0.2 0.2  3  1  1 104 39 28 12  8  5 2.01 0.08 0.08 0.007 0.010 0.005
g-band PS1-12bza 56228.5  0.7  0.7 -1.0 0.3 0.3 -2.2 0.6 0.5 -3.3 0.0 0.0 -2.9 0.4 0.5 -4.8 0.7 0.9 1.0 0.3 0.2  5  2  1  93 35 15 10  6  4 1.28 0.08 0.08 0.014 0.007 0.008
g-band PS1-12cey 56237.0  0.4  0.5 -1.0 0.3 0.3 -2.5 0.5 0.5 -2.6 0.2 0.1 -3.0 0.5 0.5 -5.1 1.0 0.9 1.0 0.3 0.2  4  2  1 100 33 25 10  7  4 3.52 0.91 0.51 0.006 0.009 0.004
g-band PS1-13hp  56323.3  0.5  0.6 -1.0 0.3 0.3 -3.0 0.4 0.5 -3.2 0.0 0.0 -3.0 0.5 0.5 -4.9 1.0 1.0 1.0 0.3 0.2  6  1  1 100 33 23 10  6  4 2.33 0.07 0.07 0.015 0.018 0.011
g-band PS1-13vs  56342.7  0.7  0.8 -1.0 0.3 0.3 -2.0 0.6 0.6 -3.6 0.1 0.1 -2.9 0.5 0.5 -4.7 0.8 1.0 1.0 0.3 0.3  5  2  1 110 35 28 10  7  4 1.02 0.05 0.06 0.007 0.008 0.005
g-band PS1-13wr  56300.5  2.5  2.3 -1.0 0.3 0.3 -2.1 0.7 0.6 -4.1 0.2 0.2 -2.8 0.4 0.4 -4.7 0.9 1.2 1.0 0.4 0.3  5  2  1 126 10 11 13  7  5 0.49 0.13 0.12 0.007 0.004 0.004
g-band PS1-13alz 56397.2  0.1  0.1 -1.0 0.3 0.2 -2.1 0.6 0.5 -3.2 0.5 0.6 -3.0 0.5 0.5 -4.5 1.0 1.1 1.0 0.3 0.2  5  2  2 105 34 26 10  7  4 2.01 0.75 0.36 0.005 0.006 0.003
g-band PS1-13arp 56396.6  0.6  0.5 -1.0 0.3 0.3 -2.8 0.5 0.5 -3.0 0.1 0.1 -3.0 0.5 0.5 -5.0 1.1 1.1 0.9 0.3 0.2  4  1  1 100 33 24 10  6  4 1.20 0.12 0.12 0.010 0.017 0.007
g-band PS1-13ave 56404.3  0.1  0.2 -1.0 0.3 0.3 -2.1 0.7 0.6 -3.6 0.0 0.0 -3.3 0.6 0.5 -5.0 0.9 1.0 1.0 0.3 0.3  5  2  1  86 44 29  9  6  4 4.02 0.20 0.20 0.071 0.025 0.030
g-band PS1-13atm 56352.9  0.9  1.1 -1.0 0.3 0.3 -1.6 0.6 0.7 -5.0 0.8 0.7 -3.0 0.5 0.5 -5.6 0.9 0.9 1.0 0.4 0.3  6  2  2  96 33 23  9  5  3 0.42 0.12 0.12 0.147 0.054 0.061
g-band PS1-13bvb 56451.6  0.5  0.7 -1.0 0.3 0.3 -2.1 0.6 0.6 -3.3 0.1 0.1 -3.0 0.5 0.5 -4.9 0.9 1.0 1.0 0.3 0.3  5  2  1 104 35 27 10  7  4 1.50 0.18 0.16 0.023 0.023 0.017
g-band PS1-13cqb 56503.6  1.1  0.9 -1.0 0.3 0.3 -2.3 0.6 0.6 -3.5 0.3 0.3 -3.0 0.5 0.5 -4.9 1.0 1.1 1.0 0.3 0.3  4  1  1 101 37 25 10  7  4 0.23 0.03 0.03 0.005 0.005 0.003
g-band PS1-13cua 56544.7  0.2  0.2 -1.1 0.3 0.3 -2.6 0.4 0.4 -4.0 0.1 0.1 -3.1 0.5 0.5 -5.0 1.0 1.0 0.9 0.3 0.2  4  1  1 110 34 22 10  6  4 0.58 0.04 0.04 0.004 0.004 0.003
g-band PS1-13eck 56613.7  0.3  0.4 -1.0 0.3 0.3 -2.0 0.6 0.6 -3.2 0.2 0.2 -3.0 0.5 0.5 -5.0 1.0 1.1 1.0 0.4 0.3  5  2  1  98 36 25 10  6  4 0.40 0.07 0.06 0.011 0.015 0.008
g-band PS1-13esn 56637.2  0.9  0.9 -1.0 0.3 0.3 -2.1 0.6 0.6 -2.9 0.2 0.2 -3.0 0.5 0.5 -5.0 1.0 1.0 1.0 0.4 0.3  5  2  1  97 35 24 10  6  4 1.37 0.32 0.23 0.012 0.017 0.009
r-band PS1-10a   55200.9  0.8  0.8 -1.0 0.3 0.3 -2.8 0.5 0.6 -3.4 0.5 0.8 -2.9 0.5 0.6 -4.5 1.0 1.2 1.0 0.3 0.3  8  2  2 106 33 26 11  7  4 1.75 0.35 0.26 0.005 0.005 0.003
r-band PS1-10b   55204.0  0.4  0.5 -1.0 0.3 0.3 -2.8 0.4 0.4 -3.2 0.1 0.1 -3.0 0.6 0.5 -5.0 1.0 1.0 1.0 0.3 0.2  7  1  1 101 33 25 10  7  4 2.46 0.14 0.14 0.008 0.015 0.006
r-band PS1-10q   55200.4  0.7  0.7 -1.0 0.3 0.3 -3.4 0.6 0.6 -4.1 0.1 0.1 -2.3 0.4 0.4 -5.2 1.5 1.2 1.0 0.3 0.3  6  2  1  89  5  2 15  7  6 0.67 0.03 0.02 0.022 0.006 0.005
r-band PS1-10t   55205.2  0.9  0.8 -1.0 0.3 0.3 -2.6 0.9 0.8 -4.9 0.2 0.3 -2.7 0.4 0.5 -4.3 1.0 0.9 0.9 0.3 0.3  5  1  1  80  6 10 13  8  5 0.33 0.02 0.02 0.013 0.010 0.008
r-band PS1-10ae  55239.3  0.1  0.1 -1.0 0.3 0.3 -3.7 0.7 0.6 -4.0 0.1 0.1 -3.0 0.6 0.5 -4.9 1.0 1.1 0.9 0.3 0.2  5  2  1 106 31 25 11  6  4 0.74 0.03 0.02 0.006 0.005 0.004
r-band PS1-10lv  55379.1  3.0  3.9 -1.0 0.3 0.3 -2.5 0.7 0.6 -4.1 0.0 0.1 -2.8 0.5 0.5 -4.1 0.8 0.8 1.0 0.4 0.3 10  4  2  97 17  8 12  8  5 2.35 0.07 0.08 0.036 0.014 0.013
r-band PS1-10mb  55374.4  0.8  0.9 -1.0 0.3 0.3 -2.8 0.6 0.6 -5.3 0.5 0.6 -2.9 0.5 0.5 -4.4 0.9 0.9 1.0 0.4 0.2  7  2  2  97 30 22 11  7  4 0.15 0.03 0.02 0.024 0.010 0.006
r-band PS1-10zu  55354.8 24.7  5.5 -1.0 0.3 0.3 -2.3 0.8 0.7 -5.1 0.2 0.3 -2.7 0.3 0.5 -4.0 1.0 0.8 1.0 0.4 0.3  8  3  2 101  7 25 17  9  7 0.53 0.06 0.06 0.019 0.005 0.004
r-band PS1-10abd 55387.4  3.5  4.5 -1.0 0.3 0.3 -2.3 0.9 0.8 -3.9 0.1 0.1 -2.9 0.4 0.4 -4.2 0.6 0.9 1.0 0.3 0.2  8  3  2  85 32 11 10  8  4 2.62 0.27 0.26 0.048 0.022 0.018
r-band PS1-10agh 55433.9  0.4  0.8 -1.0 0.3 0.3 -2.3 0.7 0.8 -3.8 0.0 0.0 -2.5 0.4 0.5 -4.2 1.2 1.4 1.0 0.3 0.3  8  2  2  95 17 15 14  9  6 2.67 0.12 0.11 0.018 0.022 0.013
r-band PS1-10awc 55454.2  0.2  0.4 -1.0 0.3 0.3 -2.5 0.3 0.3 -4.2 0.1 0.1 -2.3 0.5 0.7 -4.3 1.8 1.4 1.0 0.3 0.3  8  2  1  89  9  9 16 10  7 1.47 0.06 0.06 0.012 0.015 0.009
r-band PS1-10biu 55495.0  0.5  0.7 -1.0 0.3 0.3 -3.2 0.7 0.7 -3.5 0.2 0.2 -3.0 0.5 0.5 -4.9 0.8 1.0 0.9 0.3 0.2  6  3  2 106 34 30 11  6  4 2.72 0.24 0.17 0.008 0.014 0.006
r-band PS1-10blk 55508.3  0.1  0.2 -1.0 0.3 0.3 -3.9 0.5 0.5 -4.5 0.1 0.1 -2.9 0.3 0.4 -5.0 1.0 1.1 0.9 0.2 0.2  6  2  1  70 18  3 11  6  4 1.22 0.08 0.07 0.028 0.013 0.008
r-band PS1-11u   55509.4 11.9 17.5 -1.0 0.3 0.3 -2.3 0.9 0.8 -4.1 0.1 0.1 -3.2 0.1 0.1 -1.8 0.3 0.2 1.0 0.3 0.3  8  2  2  63 16 11 20  3  2 0.85 0.30 0.18 0.001 0.001 0.001
r-band PS1-11z   55539.0  7.5 12.4 -1.0 0.3 0.3 -0.9 0.6 1.3 -4.5 0.1 0.1 -2.5 0.3 0.3 -4.5 1.7 1.2 1.0 0.3 0.3 13 10  5  83  4  4 19  9  8 1.04 0.07 0.06 0.006 0.007 0.004
r-band PS1-11ai  55498.6 14.2 11.5 -1.0 0.3 0.3 -2.3 0.8 0.8 -4.6 0.4 0.6 -2.5 0.5 0.6 -4.0 1.1 1.4 1.0 0.3 0.2  8  3  2  93 14 15 14  9  7 0.79 0.28 0.21 0.049 0.015 0.011
r-band PS1-11ak  55592.9  0.8  0.9 -1.0 0.3 0.3 -2.2 0.6 0.7 -4.0 1.2 1.1 -3.0 0.5 0.5 -5.0 1.0 1.0 1.0 0.4 0.2  8  3  2 101 32 27 10  6  4 0.70 0.48 0.22 0.034 0.039 0.027
r-band PS1-11bo  55574.2  1.0  0.9 -1.0 0.3 0.3 -2.3 0.7 0.7 -5.4 0.2 0.5 -3.1 0.5 0.6 -5.2 1.0 0.8 1.0 0.4 0.3  8  3  2 100 35 40  9  6  3 0.43 0.03 0.03 0.019 0.015 0.014
r-band PS1-11fl  55559.2 12.9 13.6 -1.0 0.3 0.3 -2.3 0.8 0.7 -4.5 0.1 0.1 -2.4 0.5 0.8 -3.4 0.9 1.8 1.0 0.4 0.2  8  3  2 103 13 16 15 11  7 1.07 0.16 0.10 0.005 0.006 0.004
r-band PS1-11jg  55497.5  9.4 10.9 -1.0 0.3 0.3 -2.3 0.7 0.7 -3.7 0.3 0.5 -3.1 0.5 0.5 -5.4 0.6 0.8 1.0 0.4 0.3  8  3  2  85 17 17  9  6  3 0.66 0.75 0.33 0.004 0.004 0.003
r-band PS1-11kf  55578.9  7.5  8.5 -1.0 0.3 0.3 -2.3 0.9 0.8 -3.5 0.1 0.9 -2.7 0.4 0.5 -3.9 1.0 1.4 1.0 0.4 0.3  8  3  2  83 43 26 12  8  5 7.25 1.56 0.82 0.008 0.017 0.006
r-band PS1-11li  55600.7  0.7  0.8 -1.0 0.3 0.3 -2.5 0.6 0.7 -4.1 0.3 0.5 -3.0 0.4 0.5 -5.0 1.0 0.9 1.0 0.3 0.2  8  2  2  95 35 22 10  6  4 0.33 0.10 0.08 0.060 0.012 0.011
r-band PS1-11lj  55603.6  0.6  0.7 -1.0 0.3 0.3 -2.4 0.3 0.4 -4.9 0.1 0.2 -3.7 0.1 0.1 -2.9 0.1 0.1 1.0 0.4 0.3  8  2  2  56  5  3 26  4  6 0.59 0.02 0.03 0.002 0.004 0.002
r-band PS1-11lr  55611.5  0.5  0.6 -1.0 0.3 0.3 -2.3 0.8 0.8 -6.8 0.4 0.5 -3.0 0.5 0.5 -5.0 1.0 0.9 1.0 0.4 0.2  8  3  2 101 36 26 10  7  4 0.54 0.01 0.01 0.002 0.002 0.001
r-band PS1-11lq  55612.4  0.7  0.7 -1.0 0.3 0.3 -2.3 0.8 0.8 -4.1 0.1 0.1 -2.9 0.5 0.5 -5.0 0.9 0.9 1.0 0.3 0.3  8  3  2  98 36 27 10  6  4 1.01 0.05 0.05 0.006 0.008 0.004
r-band PS1-11md  55616.6  4.3  5.4 -1.0 0.3 0.3 -2.4 0.8 0.8 -3.8 0.2 0.1 -3.0 0.5 0.5 -5.0 1.0 1.0 1.0 0.3 0.3  8  3  2  99 35 26 10  7  4 2.13 0.20 0.16 0.007 0.010 0.005
r-band PS1-11pf  55633.2  0.2  0.4 -1.0 0.3 0.3 -2.3 0.8 0.7 -3.9 0.1 0.1 -3.2 0.6 0.5 -5.0 0.8 0.9 1.0 0.3 0.2  8  2  2  96 33 38  9  6  4 1.71 0.14 0.12 0.025 0.027 0.019
r-band PS1-11qe  55644.4  0.5  0.9 -1.0 0.3 0.3 -2.8 0.9 0.8 -3.3 0.1 0.1 -2.8 0.4 0.6 -4.8 0.9 1.1 0.9 0.3 0.2  5  1  1  76 47 34 11  6  4 6.79 0.26 0.24 0.077 0.061 0.070
r-band PS1-11si  55671.1  0.6  0.7 -1.0 0.3 0.3 -2.2 0.4 0.4 -5.9 0.6 0.8 -3.0 0.5 0.5 -5.0 0.9 1.0 1.0 0.4 0.3 10  2  2 100 35 26 10  6  4 0.41 0.04 0.04 0.015 0.022 0.011
r-band PS1-11sm  55659.3  0.6  0.8 -1.0 0.3 0.3 -2.9 0.7 0.7 -3.3 0.2 0.1 -2.9 0.5 0.5 -5.0 1.0 0.9 0.9 0.3 0.2  5  1  1  98 37 28 10  6  4 2.33 0.14 0.16 0.051 0.090 0.045
r-band PS1-11ua  55646.7  7.3 11.3 -1.0 0.3 0.3 -2.3 0.7 0.8 -3.3 0.1 0.1 -2.9 0.5 0.5 -4.9 1.0 1.0 1.0 0.4 0.2  9  3  2 102 32 31 11  7  4 5.23 1.51 1.05 0.008 0.026 0.006
r-band PS1-11uv  55670.8  0.6  1.4 -1.0 0.3 0.3 -2.7 0.9 0.8 -4.8 0.2 0.2 -3.0 0.5 0.5 -5.0 1.1 0.9 0.9 0.3 0.2  6  1  1 102 36 26 10  7  4 0.33 0.01 0.01 0.002 0.002 0.001
r-band PS1-11vn  55673.1  0.4  0.5 -1.0 0.3 0.3 -3.3 0.6 0.6 -3.9 0.2 0.2 -3.0 0.5 0.5 -5.0 1.0 1.0 0.9 0.3 0.2  6  2  2 100 38 24 10  7  4 1.24 0.19 0.16 0.117 0.035 0.030
r-band PS1-11wj  55669.5  0.6  0.8 -1.0 0.3 0.3 -3.1 0.9 0.9 -3.7 0.7 0.8 -3.0 0.5 0.5 -5.0 1.1 1.0 0.9 0.3 0.2  4  1  1  97 41 25 10  6  4 0.70 0.02 0.02 0.002 0.003 0.001
r-band PS1-11yh  55690.8  4.3  5.5 -1.0 0.3 0.3 -2.3 0.8 0.8 -4.1 0.1 0.1 -3.0 0.5 0.4 -5.1 1.1 0.9 1.0 0.4 0.3  8  3  2 101 32 26 10  7  4 1.92 0.16 0.13 0.011 0.020 0.008
r-band PS1-11amh 55790.3  0.5  0.6 -1.0 0.3 0.3 -2.8 1.0 1.0 -4.8 0.1 0.1 -3.0 0.5 0.6 -5.1 1.0 1.1 0.8 0.2 0.2  3  1  1 102 34 25 10  7  4 2.00 0.04 0.05 0.066 0.010 0.009
r-band PS1-11amv 55801.5  0.6  0.4 -1.0 0.3 0.3 -1.9 0.5 0.6 -4.0 1.3 1.2 -3.0 0.5 0.5 -5.0 1.0 1.0 1.0 0.4 0.3  9  3  2  98 34 24 10  7  4 0.59 0.56 0.26 0.002 0.001 0.001
r-band PS1-11anm 55763.4  0.8  1.3 -1.0 0.3 0.3 -2.7 0.6 0.5 -4.0 0.4 0.3 -2.9 0.5 0.5 -4.9 1.2 1.0 1.0 0.4 0.2 10  7  3  93 32 18 11  7  4 0.08 0.01 0.01 0.014 0.003 0.002
r-band PS1-11aof 55777.1  0.5  0.3 -1.0 0.3 0.3 -3.0 0.6 0.6 -3.3 0.1 0.1 -3.0 0.5 0.5 -4.9 0.9 0.9 0.9 0.3 0.2  5  1  1  99 36 30 10  5  4 2.74 0.26 0.23 0.242 0.023 0.023
r-band PS1-11apd 55789.3  0.8  0.7 -1.0 0.3 0.3 -2.5 0.8 0.8 -4.7 0.0 0.1 -2.7 0.3 0.4 -3.9 0.9 0.6 1.0 0.3 0.3  6  1  1  84  2  3 12  7  4 1.02 0.02 0.02 0.031 0.004 0.003
r-band PS1-11asz 55822.9  0.3  0.3 -1.0 0.3 0.3 -0.9 0.2 0.2 -4.4 0.1 0.1 -2.5 0.5 0.5 -4.0 0.9 1.1 0.9 0.3 0.2  4  0  0  86 10  9 14  9  5 0.79 0.03 0.03 0.025 0.015 0.013
r-band PS1-11awd 55849.3  0.4  1.2 -1.0 0.3 0.3 -2.5 0.6 0.7 -4.6 0.4 0.6 -2.7 0.3 0.2 -4.9 1.2 1.1 1.0 0.4 0.2  8  3  2  81  5  6 12  8  5 0.84 0.37 0.18 0.003 0.004 0.002
r-band PS1-11azd 55880.3  0.0  0.1 -1.0 0.3 0.3 -2.6 0.1 0.2 -3.4 0.6 0.6 -2.9 0.5 0.5 -4.5 0.8 1.0 1.0 0.3 0.2  8  1  1 105 34 26 11  7  4 0.81 0.08 0.05 0.016 0.003 0.002
r-band PS1-11azi 55877.5  0.5  0.5 -1.0 0.3 0.3 -2.3 0.8 0.8 -3.5 0.1 0.1 -2.9 0.5 0.5 -4.7 0.8 1.0 1.0 0.3 0.2  8  3  2 110 31 28 10  7  4 3.32 0.24 0.27 0.007 0.011 0.005
r-band PS1-11azt 55878.8  0.3  0.4 -1.0 0.3 0.3 -2.5 0.8 0.8 -4.3 0.3 0.4 -2.9 0.5 0.5 -4.6 0.8 0.8 1.0 0.3 0.2  6  1  1 104 41 26 11  8  4 1.49 0.09 0.08 0.007 0.010 0.005
r-band PS1-11azv 55876.8  0.7  1.1 -1.0 0.3 0.3 -2.4 0.8 0.9 -4.6 0.2 0.2 -2.6 0.4 0.5 -5.0 1.7 0.9 1.0 0.3 0.3  8  2  2  78 10 13 15 11  6 0.68 0.04 0.04 0.011 0.012 0.009
r-band PS1-11bbg 55888.0  0.3  0.7 -0.9 0.3 0.3 -2.0 0.2 0.3 -3.7 0.1 0.1 -3.1 0.5 0.5 -4.6 0.7 0.7 1.1 0.4 0.3  8  1  1 114 34 28 10  6  4 1.90 0.13 0.12 0.046 0.010 0.009
r-band PS1-12c   55852.4 11.1  9.3 -1.0 0.3 0.3 -2.3 0.8 0.7 -4.1 0.2 0.2 -2.6 0.3 0.3 -4.8 0.6 0.6 1.0 0.3 0.3  8  3  2  93 10 12 14  7  5 0.56 0.13 0.10 0.018 0.002 0.002
r-band PS1-12d   55899.0  5.7  2.1 -1.0 0.3 0.3 -2.5 0.8 0.8 -4.3 0.0 0.0 -2.5 0.4 0.5 -3.4 1.0 1.2 1.0 0.3 0.3  7  3  2  99  5  5 16 10  8 1.50 0.05 0.04 0.019 0.010 0.013
r-band PS1-12y   55924.2  1.6 31.3 -1.0 0.3 0.3 -2.3 0.8 0.8 -3.8 0.1 0.1 -1.9 0.2 1.4 -4.7 2.9 1.4 1.0 0.4 0.2  8  3  2  61 28  6 18  7 11 2.18 1.55 0.15 0.011 0.007 0.007
r-band PS1-12bt  55827.5 15.0 13.5 -1.0 0.3 0.3 -2.3 0.7 0.8 -3.9 0.4 0.7 -3.0 0.5 0.5 -4.6 0.1 0.1 1.0 0.4 0.3  8  3  2  76 18 16 10  6  4 0.76 0.75 0.37 0.003 0.001 0.001
r-band PS1-12rk  55996.2  0.5  0.6 -1.0 0.3 0.3 -2.9 0.6 0.6 -5.6 0.4 0.5 -3.0 0.5 0.5 -4.2 0.5 0.3 1.0 0.3 0.2  6  2  1 101 34 25 11  7  5 0.28 0.02 0.01 0.013 0.003 0.003
r-band PS1-12wn  55999.3  0.6  0.3 -1.0 0.3 0.3 -2.2 0.5 0.6 -3.8 0.3 0.3 -3.0 0.6 0.5 -4.3 0.8 1.0 1.0 0.3 0.2  6  2  1 107 33 29 10  7  4 0.36 0.04 0.04 0.026 0.007 0.006
r-band PS1-12zd  56016.1  0.1  0.3 -1.0 0.3 0.3 -2.3 0.8 0.8 -3.4 0.1 0.1 -3.0 0.6 0.5 -4.8 0.8 0.9 1.0 0.3 0.2  8  2  2 109 31 28 10  7  4 1.47 0.11 0.10 0.021 0.006 0.006
r-band PS1-12zp  56019.4  0.1  0.1 -1.0 0.3 0.3 -2.5 0.7 0.7 -3.9 0.1 0.2 -3.0 0.5 0.6 -4.4 0.6 0.7 1.0 0.3 0.3  9  1  2 103 37 25 10  8  4 0.94 0.03 0.03 0.014 0.011 0.009
r-band PS1-12auw 56080.7  0.4  0.5 -1.0 0.3 0.3 -2.6 0.7 0.8 -3.1 0.3 0.3 -3.0 0.5 0.5 -5.0 1.0 0.9 1.0 0.3 0.2  6  1  1  99 31 24 10  6  4 1.46 0.04 0.04 0.002 0.003 0.002
r-band PS1-12bku 56160.7  0.3  0.2 -1.2 0.3 0.3 -1.9 0.2 0.1 -4.2 0.1 0.1 -2.8 0.3 0.3 -4.3 0.2 0.2 0.8 0.4 0.2 12  1  2  56  4  5 11  6  4 1.97 0.06 0.05 0.013 0.006 0.006
r-band PS1-12bmp 56201.1  0.3  0.5 -1.0 0.3 0.3 -2.8 0.9 0.9 -6.3 0.2 0.2 -2.6 0.2 0.3 -3.9 0.5 0.4 0.9 0.3 0.2  4  1  1  82  2  3 15  6  5 0.61 0.01 0.01 0.004 0.004 0.003
r-band PS1-12bml 56200.8  1.0  3.8 -1.0 0.3 0.3 -2.5 0.7 0.7 -3.3 0.2 0.2 -3.0 0.5 0.5 -4.8 1.0 0.9 1.0 0.3 0.2  7  2  1 104 34 27 10  7  4 0.07 0.01 0.01 0.005 0.001 0.001
r-band PS1-12blz 56201.6  0.8  0.9 -1.0 0.3 0.3 -3.2 0.7 0.7 -3.5 0.0 0.0 -3.0 0.6 0.4 -4.5 0.7 0.7 0.9 0.3 0.2  5  1  1 112 36 24 10  7  4 2.38 0.04 0.04 0.018 0.005 0.005
r-band PS1-12boi 56201.6  0.8  0.8 -1.0 0.3 0.3 -3.2 0.7 0.6 -3.4 0.2 0.2 -3.0 0.5 0.5 -4.8 0.9 1.1 1.0 0.3 0.2  6  1  1 105 34 26 10  6  4 1.91 0.07 0.08 0.006 0.008 0.005
r-band PS1-12bza 56228.5  0.7  0.7 -1.0 0.3 0.3 -2.4 0.8 0.8 -4.3 0.1 0.1 -2.2 0.2 0.2 -5.4 0.6 0.6 1.0 0.4 0.3  7  1  2  75  2  2 17  5  3 1.21 0.04 0.03 0.005 0.005 0.004
r-band PS1-12cey 56237.0  0.4  0.5 -1.0 0.3 0.3 -2.8 0.4 0.5 -3.4 0.1 0.1 -3.0 0.5 0.5 -5.0 0.7 0.8 0.9 0.3 0.2  5  1  1 101 31 21 10  6  4 2.61 0.16 0.11 0.006 0.008 0.004
r-band PS1-13hp  56323.3  0.5  0.6 -1.0 0.3 0.3 -3.5 0.3 0.3 -4.1 0.1 0.1 -2.9 0.5 0.5 -4.1 0.7 0.9 1.0 0.3 0.3 10  1  1 107 41 29 11  8  4 2.02 0.07 0.07 0.048 0.016 0.016
r-band PS1-13vs  56342.7  0.7  0.8 -1.0 0.3 0.3 -2.4 0.8 0.8 -5.0 0.2 0.3 -2.8 0.5 0.5 -5.0 0.5 0.8 1.0 0.3 0.2  8  2  2 104 35 25 12  7  5 0.81 0.04 0.03 0.042 0.011 0.008
r-band PS1-13wr  56300.5  2.5  2.3 -1.0 0.3 0.3 -2.4 0.8 0.7 -5.0 0.2 0.2 -2.7 0.2 0.2 -4.5 0.7 1.0 1.0 0.4 0.3  8  3  2 119  3  4 20  6  5 0.63 0.07 0.06 0.005 0.004 0.003
r-band PS1-13alz 56397.2  0.1  0.1 -1.0 0.3 0.3 -2.3 0.8 0.8 -3.2 0.6 0.9 -3.0 0.5 0.5 -4.3 1.2 1.3 1.0 0.3 0.3  9  3  3 105 36 28 11  7  5 2.21 0.68 0.35 0.004 0.004 0.002
r-band PS1-13arp 56396.6  0.6  0.5 -1.0 0.3 0.3 -2.4 0.5 0.6 -3.6 0.2 0.2 -3.0 0.5 0.5 -5.0 1.0 1.0 1.0 0.3 0.3  8  2  2 103 34 26 10  7  4 1.03 0.13 0.10 0.039 0.023 0.030
r-band PS1-13ave 56404.3  0.1  0.2 -1.0 0.3 0.3 -2.6 0.7 0.7 -4.0 0.0 0.0 -3.0 0.5 0.5 -5.1 1.0 1.0 1.0 0.4 0.3 10  1  1 100 33 24 10  6  4 4.87 0.11 0.08 0.013 0.022 0.009
r-band PS1-13atm 56352.9  0.9  1.1 -1.0 0.3 0.3 -2.2 0.8 0.8 -4.8 1.0 1.1 -3.0 0.4 0.5 -4.9 0.9 1.0 1.0 0.4 0.3  8  3  2 100 31 24 10  6  4 0.60 0.24 0.19 0.309 0.057 0.043
r-band PS1-13bvb 56451.6  0.5  0.7 -1.0 0.3 0.3 -2.2 0.7 0.8 -4.4 0.1 0.1 -2.3 0.4 0.7 -3.3 1.1 1.8 1.0 0.4 0.3  8  2  2  64  3  5 16 12  8 1.42 0.07 0.09 0.015 0.023 0.011
r-band PS1-13cqb 56503.6  1.1  0.9 -1.0 0.3 0.3 -2.1 1.2 0.8 -4.9 0.2 0.3 -3.0 0.5 0.5 -5.1 1.1 1.0 0.9 0.4 0.2  6  3  2 102 36 23 10  7  4 0.45 0.03 0.03 0.012 0.012 0.008
r-band PS1-13cua 56544.7  0.2  0.2 -1.0 0.3 0.3 -2.8 0.4 0.5 -5.6 0.2 0.2 -3.0 0.3 0.3 -4.7 1.1 1.1 1.0 0.3 0.3  7  2  2  85  4  4 13  7  5 0.57 0.02 0.02 0.005 0.005 0.004
r-band PS1-13eck 56613.7  0.3  0.4 -1.0 0.3 0.3 -2.3 0.8 0.9 -3.9 0.4 0.2 -2.4 0.3 0.6 -4.5 1.2 1.2 1.0 0.4 0.3  7  3  2  37 64  4 14  8  6 1.00 0.08 0.06 0.015 0.033 0.011
r-band PS1-13esn 56637.2  0.9  0.9 -1.0 0.3 0.3 -2.2 0.9 0.8 -4.2 0.2 0.2 -3.0 0.5 0.5 -5.0 1.0 1.1 1.0 0.4 0.3  8  3  2 102 36 26 10  6  4 1.05 0.07 0.07 0.008 0.011 0.005
i-band PS1-10a   55200.9  0.8  0.8 -1.0 0.3 0.3 -2.4 0.1 0.1 -3.9 0.1 0.2 -3.1 0.5 0.5 -4.8 0.5 0.7 0.9 0.3 0.2  7  1  1  91 26 19  9  5  3 1.76 0.06 0.05 0.003 0.003 0.002
i-band PS1-10b   55204.0  0.4  0.5 -1.0 0.3 0.3 -2.1 0.4 0.5 -3.7 0.3 0.5 -3.0 0.5 0.5 -5.0 0.9 0.9 1.0 0.3 0.2 10  2  2  98 35 24 10  6  4 1.63 0.18 0.19 0.027 0.112 0.023
i-band PS1-10q   55200.4  0.7  0.7 -1.0 0.3 0.3 -4.6 0.9 0.9 -4.4 0.1 0.1 -2.6 0.4 0.4 -5.1 1.5 1.2 1.0 0.3 0.2 11  3  2  89  9  6 14  7  5 0.68 0.05 0.04 0.031 0.008 0.005
i-band PS1-10t   55205.2  0.9  0.8 -1.0 0.3 0.3 -3.9 1.0 1.0 -4.2 1.0 1.1 -3.0 0.4 0.5 -5.0 1.1 1.0 1.0 0.3 0.2 12  4  3 102 32 23 10  6  4 0.32 0.09 0.07 0.144 0.027 0.020
i-band PS1-10ae  55239.3  0.1  0.1 -0.5 0.2 0.2 -3.6 0.3 0.4 -3.4 0.1 0.3 -2.8 0.4 0.6 -5.1 1.2 1.4 2.1 0.5 0.3 13  2  2  74 47 28 11  8  4 0.94 0.07 0.08 0.011 0.010 0.007
i-band PS1-10lv  55379.1  3.0  3.9 -1.0 0.3 0.3 -3.4 1.1 1.1 -4.4 0.1 0.1 -3.0 0.4 0.4 -3.8 0.5 0.6 1.0 0.4 0.3 14  5  4  90  6  6 11  6  4 2.25 0.14 0.13 0.061 0.020 0.020
i-band PS1-10mb  55374.4  0.8  0.9 -1.0 0.3 0.3 -3.9 0.6 0.8 -5.9 0.6 0.7 -2.9 0.5 0.5 -4.7 0.9 0.9 1.0 0.4 0.3 13  5  3 101 33 24 11  6  4 0.15 0.02 0.02 0.021 0.007 0.005
i-band PS1-10zu  55354.8 24.7  5.5 -1.0 0.3 0.3 -3.3 1.2 1.2 -5.4 0.4 0.5 -2.5 0.3 0.4 -4.9 0.6 0.7 1.0 0.3 0.3 14  4  3  97  7 20 14  7  4 0.62 0.07 0.06 0.045 0.008 0.006
i-band PS1-10abd 55387.4  3.5  4.5 -1.0 0.3 0.3 -3.4 1.2 1.1 -4.0 0.2 0.2 -2.7 0.5 0.5 -4.5 1.1 1.1 1.0 0.4 0.3 14  5  4  85 26 12 12  8  5 2.02 0.26 0.20 0.162 0.041 0.032
i-band PS1-10agh 55433.9  0.4  0.8 -1.0 0.3 0.3 -4.6 0.7 0.8 -3.9 0.0 0.0 -2.3 0.3 0.3 -4.9 1.0 1.0 0.9 0.3 0.3 10  1  1  78  7  5 15  7  5 2.62 0.05 0.05 0.006 0.007 0.004
i-band PS1-10awc 55454.2  0.2  0.4 -1.0 0.3 0.3 -2.9 0.2 0.3 -4.4 0.1 0.1 -2.4 0.3 0.3 -4.7 1.5 1.1 1.0 0.3 0.3 11  2  1  95  6  6 16  8  5 1.37 0.04 0.04 0.008 0.011 0.006
i-band PS1-10biu 55495.0  0.5  0.7 -1.0 0.3 0.3 -5.2 0.7 0.8 -3.6 0.1 0.1 -2.9 0.5 0.5 -4.6 0.9 1.0 0.9 0.3 0.2  7  1  1 113 32 31 11  7  4 2.60 0.09 0.09 0.008 0.016 0.006
i-band PS1-10blk 55508.3  0.1  0.2 -1.0 0.3 0.3 -3.9 0.8 1.0 -4.4 0.2 0.3 -2.9 0.6 0.6 -4.7 0.9 0.9 1.0 0.4 0.3 11  4  3 109 35 27 10  7  4 1.26 0.17 0.15 0.160 0.035 0.028
i-band PS1-11u   55509.4 11.9 17.5 -1.0 0.3 0.3 -3.3 1.2 1.2 -4.0 0.4 0.6 -1.8 0.4 1.5 -3.7 2.2 1.7 1.0 0.4 0.3 15 22  5  65  9 28 18  6  3 0.77 0.15 0.26 0.001 0.001 0.001
i-band PS1-11z   55539.0  7.5 12.4 -1.0 0.3 0.3 -3.4 1.3 1.3 -5.3 0.4 0.4 -2.3 0.3 0.3 -4.6 1.8 1.2 1.0 0.3 0.3 13  5  3  84  9  6 20  8  8 0.79 0.06 0.06 0.027 0.020 0.018
i-band PS1-11ai  55498.6 14.2 11.5 -1.0 0.3 0.3 -3.3 1.3 1.3 -4.8 0.4 0.5 -2.5 0.5 0.6 -3.4 0.7 1.7 1.0 0.3 0.3 14  4  4  87 14 14 14 10  6 0.80 0.15 0.11 0.048 0.012 0.010
i-band PS1-11ak  55592.9  0.8  0.9 -1.0 0.3 0.3 -3.2 0.9 1.0 -4.0 1.0 1.3 -3.0 0.5 0.5 -5.0 1.0 1.0 1.0 0.3 0.3 14  5  4 101 33 26 10  6  4 0.72 0.47 0.25 0.168 0.051 0.038
i-band PS1-11bo  55574.2  1.0  0.9 -1.0 0.3 0.3 -3.1 0.3 0.4 -5.5 0.1 0.1 -3.0 0.5 0.5 -5.0 1.0 1.0 1.0 0.3 0.2 11  1  2 113 32 20 10  7  4 0.52 0.02 0.02 0.004 0.006 0.003
i-band PS1-11fl  55559.2 12.9 13.6 -1.0 0.3 0.3 -3.2 1.1 1.2 -5.0 0.3 0.8 -2.8 0.6 0.8 -3.2 0.4 1.6 1.0 0.4 0.3 14  4  4  91  9  8 14  9  6 0.84 0.09 0.09 0.047 0.012 0.010
i-band PS1-11jg  55497.5  9.4 10.9 -1.0 0.3 0.3 -3.3 1.2 1.1 -3.7 0.4 0.8 -2.8 0.4 0.4 -4.9 0.1 0.2 1.0 0.4 0.3 13  4  3  63 10  9  9  5  3 0.95 0.67 0.42 0.004 0.004 0.003
i-band PS1-11kf  55578.9  7.5  8.5 -1.0 0.2 0.3 -3.4 1.2 1.1 -4.0 0.2 0.3 -2.6 0.4 0.3 -4.1 0.9 0.6 1.0 0.4 0.3 14  5  3  70 11 10 13  8  5 4.53 0.87 0.84 0.026 0.047 0.021
i-band PS1-11li  55600.7  0.7  0.8 -1.0 0.3 0.3 -3.2 1.1 1.3 -4.1 1.2 1.1 -3.0 0.5 0.5 -4.9 1.0 1.0 1.0 0.4 0.3 14  5  4 101 36 26 10  7  4 0.98 1.17 0.51 0.009 0.039 0.007
i-band PS1-11lj  55603.6  0.6  0.7 -1.0 0.3 0.3 -3.6 1.0 1.1 -5.4 0.2 0.2 -2.9 0.2 0.2 -4.7 1.0 1.0 1.0 0.4 0.3 13  3  3  75  3  4 19  5  5 0.58 0.02 0.03 0.018 0.006 0.005
i-band PS1-11lr  55611.5  0.5  0.6 -1.0 0.3 0.3 -3.8 0.5 0.4 -6.1 0.4 0.6 -3.0 0.4 0.5 -5.0 1.0 1.0 1.0 0.4 0.3 13  5  3 100 36 26 10  7  4 0.64 0.02 0.02 0.018 0.008 0.006
i-band PS1-11lq  55612.4  0.7  0.7 -1.0 0.3 0.3 -4.3 0.7 0.9 -4.2 0.1 0.1 -3.0 0.5 0.5 -5.0 0.9 0.9 1.0 0.3 0.2 12  4  3 100 34 25 10  6  4 0.89 0.07 0.06 0.041 0.010 0.008
i-band PS1-11md  55616.6  4.3  5.4 -1.0 0.3 0.3 -3.7 1.2 1.1 -3.8 0.1 0.1 -3.0 0.5 0.5 -5.1 1.0 1.0 1.0 0.4 0.3 12  3  3 102 32 23 10  6  4 1.92 0.11 0.12 0.008 0.016 0.006
i-band PS1-11pf  55633.2  0.2  0.4 -1.0 0.3 0.3 -3.6 0.5 0.8 -4.4 0.1 0.1 -3.0 0.5 0.5 -5.0 1.0 1.0 1.1 0.4 0.3 12  3  2 113 32 19 10  7  4 1.55 0.07 0.08 0.062 0.024 0.020
i-band PS1-11qe  55644.4  0.5  0.9 -1.0 0.3 0.3 -3.9 0.6 1.0 -3.1 0.1 0.1 -3.3 0.5 0.4 -5.0 0.8 1.0 0.9 0.3 0.2 11  1  1  53 40  6  8  5  3 6.73 0.34 0.36 0.111 0.041 0.030
i-band PS1-11si  55671.1  0.6  0.7 -1.0 0.3 0.3 -2.9 0.4 0.5 -5.7 0.7 0.8 -3.0 0.5 0.5 -5.0 1.0 1.0 1.0 0.3 0.3 16  5  3 100 35 26 10  6  4 0.46 0.05 0.04 0.014 0.024 0.011
i-band PS1-11sm  55659.3  0.6  0.8 -1.0 0.3 0.3 -4.4 0.9 0.9 -3.4 0.2 0.1 -3.0 0.5 0.5 -5.0 1.0 1.0 0.9 0.3 0.2  9  3  2 101 36 30 10  6  4 1.79 0.17 0.17 0.154 0.044 0.033
i-band PS1-11ua  55646.7  7.3 11.3 -1.0 0.3 0.3 -3.4 1.2 1.1 -3.8 0.2 0.2 -2.5 0.4 0.4 -5.5 0.8 0.9 1.0 0.4 0.2 13  4  3  60  8  6 12  6  4 2.95 0.34 0.27 0.010 0.021 0.007
i-band PS1-11uv  55670.8  0.6  1.4 -1.0 0.3 0.3 -3.7 0.8 1.0 -4.5 0.2 0.2 -3.0 0.5 0.5 -5.0 1.0 0.9 1.1 0.4 0.3  9  3  2  99 37 24 10  7  4 0.35 0.02 0.02 0.005 0.006 0.003
i-band PS1-11vn  55673.1  0.4  0.5 -1.0 0.3 0.3 -3.9 0.6 0.8 -3.9 0.1 0.1 -3.0 0.5 0.5 -5.0 0.9 1.0 1.0 0.4 0.3 12  3  3 100 37 25 10  7  4 1.17 0.09 0.09 0.007 0.012 0.004
i-band PS1-11wj  55669.5  0.6  0.8 -1.0 0.3 0.3 -4.9 0.5 0.6 -4.2 1.1 1.1 -3.0 0.5 0.5 -5.0 1.0 0.9 1.0 0.4 0.3 14  4  3  99 34 25 10  6  4 0.85 0.05 0.03 0.004 0.005 0.003
i-band PS1-11yh  55690.8  4.3  5.5 -1.0 0.3 0.3 -3.2 0.9 1.3 -4.2 0.1 0.1 -3.0 0.5 0.5 -5.0 1.0 1.0 1.0 0.3 0.2 11  4  2  98 36 26 10  6  4 2.13 0.08 0.11 0.009 0.017 0.007
i-band PS1-11amh 55790.3  0.5  0.6 -1.0 0.3 0.3 -3.4 1.1 1.0 -5.2 0.1 0.1 -3.0 0.5 0.5 -5.0 1.1 1.0 1.0 0.4 0.3 14  5  4 101 38 27 10  6  4 1.96 0.06 0.06 0.011 0.009 0.007
i-band PS1-11amv 55801.5  0.6  0.4 -0.9 0.3 0.3 -1.4 0.0 0.0 -4.1 1.2 1.3 -3.0 0.5 0.5 -5.0 0.9 1.0 1.0 0.3 0.3 10  2  2 102 35 28 10  7  4 1.90 1.19 0.64 0.006 0.004 0.005
i-band PS1-11anm 55763.4  0.8  1.3 -1.0 0.3 0.3 -4.5 0.8 0.8 -4.4 0.3 0.4 -3.1 0.5 0.5 -5.2 1.0 0.9 1.0 0.3 0.3 12  4  3 104 34 28 10  6  4 0.11 0.02 0.02 0.032 0.004 0.003
i-band PS1-11aof 55777.1  0.5  0.3 -1.0 0.3 0.3 -4.5 0.9 0.9 -3.6 0.1 0.1 -3.0 0.5 0.5 -4.5 0.8 0.9 1.0 0.3 0.2 10  2  2 109 37 27 10  6  4 2.23 0.23 0.20 0.251 0.027 0.023
i-band PS1-11apd 55789.3  0.8  0.7 -1.0 0.3 0.3 -4.2 0.5 0.6 -4.8 0.1 0.1 -3.1 0.4 0.5 -4.2 0.5 0.4 1.0 0.4 0.2 12  4  3  83 40  6 11  7  4 1.00 0.03 0.03 0.044 0.004 0.004
i-band PS1-11asz 55822.9  0.3  0.3 -1.0 0.3 0.3 -4.2 0.9 0.9 -4.7 0.2 0.3 -2.8 0.4 0.4 -4.4 0.9 0.8 1.0 0.3 0.2 10  3  2  84 12 10 12  6  5 0.70 0.06 0.05 0.097 0.011 0.011
i-band PS1-11awd 55849.3  0.4  1.2 -1.0 0.3 0.3 -3.7 0.9 0.8 -5.0 0.1 0.2 -2.8 0.3 0.2 -4.7 0.1 0.2 1.1 0.4 0.3 10  4  3  82  5  5 11  7  4 0.68 0.03 0.03 0.009 0.003 0.002
i-band PS1-11azd 55880.3  0.0  0.1 -1.0 0.3 0.3 -3.3 1.1 1.2 -4.0 1.2 1.2 -3.0 0.5 0.5 -5.0 1.1 1.0 1.0 0.4 0.3 14  5  4 100 36 25 10  6  4 1.01 1.14 0.48 0.010 0.028 0.007
i-band PS1-11azi 55877.5  0.5  0.5 -1.0 0.3 0.3 -3.6 0.4 0.6 -3.8 0.1 0.1 -2.6 0.4 0.5 -4.3 0.7 0.8 1.0 0.3 0.2  9  1  1  54 67  4 12  8  5 3.13 0.10 0.08 0.011 0.024 0.008
i-band PS1-11azt 55878.8  0.3  0.4 -1.0 0.3 0.3 -4.0 0.8 0.8 -4.2 0.3 0.3 -3.0 0.5 0.4 -5.1 0.4 0.7 1.0 0.3 0.3 12  4  3  97 35 23 10  6  4 1.53 0.08 0.06 0.016 0.017 0.012
i-band PS1-11azv 55876.8  0.7  1.1 -1.0 0.3 0.3 -3.8 0.3 0.5 -4.4 0.1 0.1 -3.0 0.5 0.4 -4.3 0.6 0.6 1.0 0.4 0.2 15  3  2  96 37 17 10  7  4 0.82 0.04 0.04 0.005 0.006 0.004
i-band PS1-11bbg 55888.0  0.3  0.7 -1.0 0.3 0.3 -1.1 0.1 0.1 -4.2 0.1 0.1 -2.9 0.5 0.5 -4.6 0.7 0.7 0.8 0.3 0.2  5  1  0 125 37 17 11  8  5 1.56 0.06 0.06 0.032 0.008 0.009
i-band PS1-12c   55852.4 11.1  9.3 -1.0 0.3 0.3 -3.3 1.1 1.2 -3.6 0.3 0.4 -2.3 0.3 0.4 -4.9 0.2 0.2 1.0 0.4 0.3 14  5  3  82 10 10  9  4  2 1.33 1.06 0.62 0.015 0.002 0.001
i-band PS1-12d   55899.0  5.7  2.1 -1.0 0.3 0.3 -3.3 1.2 1.3 -4.8 0.1 0.1 -3.0 0.2 0.3 -2.8 0.2 0.2 1.0 0.3 0.2 14  5  3  91  5  6 11  8  4 1.18 0.06 0.06 0.024 0.008 0.008
i-band PS1-12y   55924.2  1.6 31.3 -1.0 0.3 0.3 -3.3 1.2 1.2 -3.9 0.1 0.5 -1.9 0.3 0.3 -4.6 1.1 0.8 1.0 0.4 0.2 13  4  3  65 19  6 17  7  5 1.88 0.14 0.14 0.043 0.008 0.007
i-band PS1-12bt  55827.5 15.0 13.5 -1.0 0.3 0.3 -3.3 1.1 1.2 -3.8 0.5 0.6 -3.0 0.5 0.5 -4.4 0.1 0.1 1.0 0.3 0.3 13  4  3  74 13 15 10  6  4 0.76 0.98 0.36 0.001 0.001 0.001
i-band PS1-12rk  55996.2  0.5  0.6 -1.0 0.3 0.3 -4.8 0.7 0.7 -5.5 0.2 0.3 -2.9 0.5 0.5 -4.4 0.6 0.4 1.0 0.3 0.3 11  3  2  99 34 26 11  7  5 0.37 0.02 0.01 0.022 0.003 0.003
i-band PS1-12wn  55999.3  0.6  0.3 -1.0 0.3 0.3 -4.6 0.8 0.8 -3.8 0.3 0.4 -3.0 0.5 0.5 -4.9 1.0 0.9 1.0 0.3 0.2 12  4  3 102 35 26 10  7  4 0.46 0.05 0.05 0.063 0.010 0.010
i-band PS1-12zd  56016.1  0.1  0.3 -1.0 0.3 0.3 -4.0 1.2 1.1 -3.6 0.2 0.3 -2.9 0.5 0.6 -4.6 0.8 1.0 1.0 0.4 0.3 11  2  2 104 36 25 10  7  4 1.53 0.07 0.06 0.075 0.011 0.009
i-band PS1-12zp  56019.4  0.1  0.1 -0.8 0.3 0.3 -4.0 0.6 0.7 -3.7 0.1 0.1 -2.9 0.5 0.5 -4.6 0.7 0.8 1.1 0.3 0.3 13  1  2 109 40 30 11  7  5 1.06 0.03 0.03 0.006 0.007 0.004
i-band PS1-12auw 56080.7  0.4  0.5 -1.0 0.3 0.3 -4.3 0.5 0.5 -4.1 0.2 0.1 -3.1 0.5 0.5 -4.6 0.2 0.2 1.0 0.4 0.2 11  5  3  95 30 24  9  6  4 1.41 0.07 0.03 0.004 0.003 0.003
i-band PS1-12bku 56160.7  0.3  0.2 -1.0 0.3 0.3 -2.6 0.3 0.2 -4.3 0.0 0.0 -2.9 0.4 0.3 -4.5 0.1 0.1 1.0 0.3 0.3 10  1  1  85  9 13 10  6  4 2.15 0.05 0.04 0.008 0.006 0.006
i-band PS1-12bmp 56201.1  0.3  0.5 -1.0 0.3 0.3 -5.2 0.6 0.7 -5.5 0.1 0.1 -2.8 0.1 0.1 -4.7 0.3 0.2 1.0 0.3 0.2  9  2  2  80  2  2 17  7  4 0.76 0.01 0.01 0.015 0.004 0.003
i-band PS1-12bml 56200.8  1.0  3.8 -1.0 0.3 0.3 -4.0 0.8 0.9 -3.2 0.2 0.2 -3.0 0.5 0.5 -4.8 0.8 0.9 0.9 0.3 0.2  8  2  1 103 37 33 10  6  4 0.09 0.01 0.01 0.006 0.001 0.001
i-band PS1-12blz 56201.6  0.8  0.9 -1.0 0.3 0.3 -3.0 0.4 0.3 -3.5 0.0 0.0 -3.8 0.4 0.4 -4.2 0.1 0.1 0.9 0.3 0.2  7  1  1  44  6  6  8  6  3 2.31 0.05 0.04 0.027 0.005 0.005
i-band PS1-12boi 56201.6  0.8  0.8 -1.0 0.3 0.3 -4.0 0.6 0.8 -3.7 0.1 0.1 -2.9 0.5 0.5 -4.4 0.7 1.1 1.0 0.3 0.3 11  4  2 113 37 33 11  7  4 1.70 0.08 0.07 0.006 0.011 0.004
i-band PS1-12bza 56228.5  0.7  0.7 -1.0 0.3 0.3 -5.0 0.9 0.8 -4.3 0.0 0.0 -2.8 0.1 0.1 -5.0 0.2 0.2 0.9 0.3 0.2  7  1  1  76  2  2 15  3  3 1.53 0.03 0.03 0.015 0.007 0.008
i-band PS1-12cey 56237.0  0.4  0.5 -0.9 0.4 0.3 -3.5 0.7 0.8 -3.5 0.1 0.1 -2.9 0.5 0.5 -4.7 0.6 0.8 1.0 0.3 0.3  9  3  2 101 29 28 10  6  4 2.31 0.32 0.22 0.013 0.012 0.009
i-band PS1-13hp  56323.3  0.5  0.6 -1.0 0.3 0.3 -3.7 0.5 0.6 -4.5 0.1 0.1 -2.9 0.5 0.5 -4.2 0.6 0.6 1.0 0.3 0.2 12  3  2 106 34 24 11  8  4 1.80 0.09 0.10 0.113 0.020 0.016
i-band PS1-13vs  56342.7  0.7  0.8 -1.0 0.3 0.3 -3.9 0.7 1.1 -4.5 0.1 0.2 -2.9 0.5 0.5 -4.7 0.7 0.7 1.0 0.3 0.2 10  3  2 104 39 25 11  7  5 1.06 0.07 0.07 0.082 0.014 0.011
i-band PS1-13wr  56300.5  2.5  2.3 -1.0 0.3 0.3 -3.3 1.2 1.3 -6.2 0.2 0.3 -2.9 0.1 0.1 -5.4 0.6 0.9 1.0 0.3 0.3 15  5  4 112  5  6 28  4  3 0.67 0.03 0.02 0.016 0.003 0.003
i-band PS1-13alz 56397.2  0.1  0.1 -1.0 0.3 0.3 -3.7 0.5 0.3 -3.5 0.2 0.2 -3.0 0.5 0.5 -4.8 0.6 0.9 1.0 0.4 0.3 13  2  3 104 28 26 10  7  4 1.92 0.16 0.08 0.030 0.007 0.006
i-band PS1-13arp 56396.6  0.6  0.5 -1.0 0.3 0.3 -3.2 0.4 0.3 -4.2 0.2 0.2 -3.0 0.5 0.5 -5.0 1.0 1.0 1.0 0.4 0.3 18  2  4 101 35 25 10  6  4 0.87 0.05 0.06 0.058 0.019 0.024
i-band PS1-13ave 56404.3  0.1  0.2 -1.0 0.3 0.3 -3.7 0.4 0.5 -4.3 0.1 0.1 -3.2 0.4 0.3 -5.6 1.0 0.6 1.0 0.3 0.3 12  1  1  41 79  5  6  6  2 4.24 0.12 0.13 0.103 0.034 0.031
i-band PS1-13atm 56352.9  0.9  1.1 -1.0 0.3 0.3 -1.0 0.5 0.5 -4.6 0.8 0.9 -3.0 0.6 0.5 -4.7 0.9 1.0 1.0 0.4 0.3 38  3  2 101 32 25 11  6  4 1.78 0.38 0.36 0.438 0.068 0.056
i-band PS1-13bvb 56451.6  0.5  0.7 -1.0 0.3 0.4 -3.3 1.3 1.2 -4.6 0.3 0.3 -2.4 0.4 0.4 -4.3 0.7 1.0 1.0 0.3 0.3 13  4  3  59  4  4 11  6  4 1.35 0.16 0.15 0.091 0.023 0.018
i-band PS1-13cqb 56503.6  1.1  0.9 -1.0 0.3 0.3 -3.0 0.5 0.6 -4.2 0.2 0.2 -3.0 0.5 0.4 -4.9 0.9 1.0 1.0 0.4 0.3 12  2  2 101 33 24 10  6  4 0.71 0.06 0.06 0.082 0.015 0.011
i-band PS1-13cua 56544.7  0.2  0.2 -1.0 0.3 0.3 -4.4 0.7 0.8 -5.7 0.3 0.3 -3.0 0.5 0.5 -3.8 1.1 1.8 1.0 0.4 0.2 12  4  3  85  6  6 15  8  6 0.59 0.02 0.02 0.031 0.007 0.006
i-band PS1-13eck 56613.7  0.3  0.4 -1.0 0.3 0.3 -3.5 1.1 1.2 -3.6 0.1 0.1 -3.0 0.5 0.5 -4.9 0.9 1.1 1.0 0.3 0.3 13  3  3  97 32 24 10  7  4 1.33 0.14 0.12 0.081 0.027 0.021
i-band PS1-13esn 56637.2  0.9  0.9 -1.0 0.3 0.3 -2.8 0.4 0.7 -4.0 0.1 0.1 -3.0 0.5 0.5 -5.0 0.9 1.0 1.0 0.3 0.3 13  3  3 100 35 25 10  6  4 1.06 0.07 0.05 0.014 0.014 0.009
z-band PS1-10a   55200.9  0.8  0.8 -1.0 0.3 0.3 -3.0 0.1 0.1 -3.5 0.4 0.5 -3.0 0.5 0.5 -4.8 0.7 0.9 1.0 0.3 0.3 13  1  1  97 32 23 10  6  4 1.64 0.05 0.06 0.004 0.005 0.003
z-band PS1-10b   55204.0  0.4  0.5 -1.0 0.3 0.3 -3.8 1.4 1.5 -4.4 1.4 1.5 -3.0 0.5 0.5 -5.0 1.0 1.0 1.0 0.4 0.3 20  7  5 102 33 25 10  6  4 0.99 1.09 0.50 0.010 0.027 0.007
z-band PS1-10q   55200.4  0.7  0.7 -1.0 0.3 0.3 -6.2 0.7 0.9 -4.7 0.2 0.2 -2.7 0.3 0.4 -4.1 1.5 2.0 1.0 0.4 0.3 25  5  6  63  5  5 22 12 12 0.55 0.02 0.02 0.014 0.005 0.004
z-band PS1-10t   55205.2  0.9  0.8 -1.0 0.3 0.3 -3.4 0.5 0.6 -6.0 0.7 1.0 -3.0 0.4 0.5 -5.2 1.0 0.9 1.0 0.3 0.3 19  6  4  92 38 26 10  6  4 0.40 0.10 0.06 0.036 0.016 0.014
z-band PS1-10ae  55239.3  0.1  0.1 -1.0 0.3 0.3 -3.0 0.3 0.3 -4.5 0.5 0.3 -2.9 0.6 0.5 -3.8 0.6 0.7 1.0 0.3 0.3 14  7  3 104 33 28 11  7  4 0.73 0.09 0.05 0.009 0.011 0.007
z-band PS1-10lv  55379.1  3.0  3.9 -1.0 0.3 0.3 -3.6 1.0 0.7 -5.3 1.6 1.7 -2.9 0.6 0.4 -3.9 0.3 1.9 1.0 0.4 0.3 22 21  7  50 33  8 11  7  4 3.19 0.34 0.28 0.133 0.039 0.034
z-band PS1-10mb  55374.4  0.8  0.9 -1.0 0.3 0.3 -3.0 0.7 0.7 -6.1 0.8 1.1 -2.8 0.5 0.5 -4.6 1.0 1.0 1.0 0.3 0.3 23 12  6  95 33 24 11  8  4 0.19 0.03 0.03 0.037 0.013 0.009
z-band PS1-10zu  55354.8 24.7  5.5 -1.0 0.3 0.3 -4.4 1.9 0.8 -5.7 1.9 0.3 -2.7 0.2 0.3 -4.3 0.2 0.5 1.0 0.4 0.3 22 39  7  95  8 11 11  2  3 0.61 0.04 0.04 0.014 0.017 0.008
z-band PS1-10abd 55387.4  3.5  4.5 -1.0 0.3 0.3 -4.5 1.2 0.7 -3.8 0.1 0.3 -2.9 0.5 0.5 -4.6 1.0 1.1 1.0 0.4 0.3 39  5 13  99 31 34 11  6  4 2.70 0.30 0.25 0.125 0.037 0.032
z-band PS1-10agh 55433.9  0.4  0.8 -1.0 0.3 0.3 -4.7 0.5 1.3 -5.5 2.3 1.2 -2.9 0.4 0.4 -3.3 0.3 1.8 1.0 0.3 0.2 21 29  5  40 52  5 11 10  5 2.47 0.10 0.08 0.008 0.013 0.005
z-band PS1-10awc 55454.2  0.2  0.4 -1.0 0.3 0.3 -3.6 0.3 0.3 -4.1 0.2 1.4 -2.6 0.4 0.5 -4.6 1.2 1.2 1.1 0.4 0.3 35  4  6  68  8 15 12  7  4 1.87 0.13 0.22 0.070 0.029 0.028
z-band PS1-10biu 55495.0  0.5  0.7 -1.0 0.3 0.3 -4.2 0.6 1.0 -5.2 1.2 1.2 -2.8 0.6 0.5 -3.9 0.7 1.1 1.0 0.3 0.2 24 10  6  94 33 22 12  8  5 2.21 0.33 0.25 0.008 0.013 0.006
z-band PS1-10blk 55508.3  0.1  0.2 -0.8 0.3 0.3 -3.7 0.5 0.4 -4.7 0.2 0.2 -3.0 0.5 0.5 -5.0 1.0 0.9 1.2 0.4 0.3 20  6  5  99 35 26 10  6  4 1.40 0.12 0.10 0.052 0.018 0.013
z-band PS1-11u   55509.4 11.9 17.5 -1.0 0.3 0.3 -3.8 1.4 1.4 -3.2 0.1 0.2 -2.1 0.5 1.1 -3.1 1.4 2.3 1.0 0.3 0.3 21  7  5  70 14 13 15  9  7 2.30 1.03 0.79 0.001 0.001 0.001
z-band PS1-11z   55539.0  7.5 12.4 -1.0 0.3 0.3 -3.8 1.5 1.6 -4.7 0.4 0.8 -2.6 0.5 0.7 -3.1 0.7 2.3 1.0 0.3 0.2 19  8  5  71 17 14 15 11  6 1.42 0.37 0.24 0.009 0.011 0.006
z-band PS1-11ai  55498.6 14.2 11.5 -1.0 0.3 0.3 -3.9 1.6 1.5 -3.7 0.3 0.8 -2.9 0.5 0.5 -4.6 1.0 1.2 1.0 0.3 0.2 22  8  7 100 28 24 11  7  5 2.39 1.09 1.10 0.050 0.018 0.015
z-band PS1-11ak  55592.9  0.8  0.9 -1.0 0.3 0.3 -3.6 1.1 1.5 -4.4 1.5 1.4 -3.0 0.5 0.5 -5.0 1.1 1.0 1.0 0.3 0.3 20  8  5 100 36 26 10  7  4 0.67 0.57 0.25 0.150 0.041 0.029
z-band PS1-11bo  55574.2  1.0  0.9 -1.0 0.3 0.3 -3.5 0.3 0.3 -4.7 0.3 0.8 -3.0 0.5 0.5 -5.0 0.9 0.9 1.0 0.4 0.3 32  6  5  94 38 34 10  6  4 0.78 0.11 0.11 0.012 0.014 0.009
z-band PS1-11fl  55559.2 12.9 13.6 -1.0 0.3 0.3 -4.2 1.0 0.7 -4.1 0.4 0.3 -2.4 0.4 0.5 -4.1 1.2 1.4 1.0 0.4 0.3 40 10 23  84 27 16 15  8  6 1.38 0.29 0.14 0.023 0.011 0.010
z-band PS1-11jg  55497.5  9.4 10.9 -1.0 0.3 0.3 -3.8 1.4 1.4 -4.1 0.3 0.4 -3.0 0.4 0.5 -4.6 0.5 1.1 1.0 0.3 0.2 19  6  5 117 37 41 10  6  4 0.47 0.25 0.16 0.004 0.004 0.003
z-band PS1-11kf  55578.9  7.5  8.5 -1.0 0.3 0.3 -4.7 1.3 1.3 -3.7 0.2 0.1 -3.0 0.6 0.5 -5.0 0.9 1.0 1.0 0.4 0.3 19  6  5 100 36 28 10  7  4 8.06 0.91 0.59 0.009 0.016 0.006
z-band PS1-11li  55600.7  0.7  0.8 -1.0 0.3 0.3 -3.5 0.8 1.1 -4.3 0.2 0.3 -2.9 0.5 0.5 -4.9 1.0 1.0 1.0 0.3 0.2 21  7  4  89 30 15 11  6  4 0.51 0.09 0.07 0.027 0.010 0.008
z-band PS1-11lj  55603.6  0.6  0.7 -1.0 0.3 0.3 -4.8 0.4 0.2 -3.4 0.1 0.2 -3.0 0.5 0.4 -4.9 1.3 1.1 1.0 0.4 0.3 59  2  7  88 35 27 10  8  4 0.76 0.04 0.04 0.016 0.011 0.009
z-band PS1-11lr  55611.5  0.5  0.6 -1.0 0.3 0.3 -4.5 0.1 0.2 -6.8 0.9 0.9 -3.0 0.5 0.5 -5.0 1.0 0.9 1.0 0.3 0.2 35  5  4 100 33 26 10  7  4 0.61 0.02 0.01 0.003 0.004 0.002
z-band PS1-11lq  55612.4  0.7  0.7 -1.0 0.3 0.3 -4.4 0.7 0.7 -5.4 0.7 0.9 -3.0 0.6 0.5 -4.9 1.2 1.0 1.0 0.4 0.3 27  8  6 101 35 26 10  7  4 1.03 0.05 0.05 0.009 0.013 0.007
z-band PS1-11md  55616.6  4.3  5.4 -1.0 0.3 0.3 -3.4 0.8 0.7 -4.4 0.4 0.6 -3.0 0.5 0.5 -5.0 0.9 0.9 1.0 0.3 0.2 22  6  5 101 34 27 10  6  4 2.15 0.32 0.23 0.007 0.011 0.005
z-band PS1-11pf  55633.2  0.2  0.4 -1.0 0.3 0.3 -3.7 0.4 0.3 -4.0 0.1 0.1 -3.0 0.5 0.4 -5.0 1.0 0.9 1.0 0.4 0.3 31  4  8  99 34 27 10  7  4 2.06 0.12 0.13 0.008 0.013 0.006
z-band PS1-11qe  55644.4  0.5  0.9 -1.0 0.3 0.3 -5.8 0.7 0.9 -3.5 0.1 0.1 -3.0 0.5 0.6 -5.0 1.1 1.0 1.0 0.3 0.3 22  3  2 100 37 24 10  6  4 5.62 0.26 0.22 0.024 0.090 0.019
z-band PS1-11si  55671.1  0.6  0.7 -1.0 0.3 0.3 -3.2 0.2 0.2 -5.2 1.2 1.2 -3.0 0.5 0.5 -5.0 1.1 0.9 1.0 0.3 0.3 36  7  4  99 33 25 10  7  4 0.86 0.14 0.08 0.007 0.013 0.006
z-band PS1-11sm  55659.3  0.6  0.8 -1.0 0.3 0.3 -5.2 0.9 1.0 -3.6 0.3 0.5 -2.9 0.6 0.5 -5.0 1.0 0.9 1.0 0.4 0.3 19  7  5  92 34 43 10  7  4 1.70 0.19 0.18 0.013 0.045 0.010
z-band PS1-11ua  55646.7  7.3 11.3 -1.0 0.3 0.3 -3.9 1.4 1.5 -3.6 0.3 0.3 -2.9 0.5 0.5 -5.0 1.0 0.9 1.0 0.3 0.3 22  8  5  93 40 32 10  7  4 3.55 1.07 0.51 0.009 0.023 0.007
z-band PS1-11uv  55670.8  0.6  1.4 -1.0 0.3 0.3 -3.9 0.4 0.4 -6.0 0.9 1.0 -3.0 0.5 0.5 -5.0 1.0 1.0 1.0 0.4 0.3 23 10  6 100 33 25 10  6  4 0.34 0.02 0.02 0.004 0.004 0.003
z-band PS1-11vn  55673.1  0.4  0.5 -0.9 0.3 0.3 -3.6 0.8 1.2 -4.7 0.5 0.8 -3.0 0.5 0.5 -5.1 1.1 0.9 1.1 0.4 0.3 21  7  5  98 33 23 10  6  4 1.23 0.25 0.22 0.009 0.020 0.007
z-band PS1-11wj  55669.5  0.6  0.8 -1.0 0.3 0.3 -4.9 0.9 1.2 -4.5 1.5 1.4 -3.0 0.5 0.5 -5.0 1.0 0.9 1.0 0.3 0.3 20  7  5 102 37 29 10  7  4 0.77 0.17 0.07 0.006 0.008 0.004
z-band PS1-11yh  55690.8  4.3  5.5 -1.0 0.3 0.3 -4.2 0.7 0.9 -5.8 0.7 1.0 -3.0 0.5 0.4 -5.0 1.1 1.0 1.0 0.3 0.3 22  7  5  99 35 25 10  6  4 2.11 0.19 0.13 0.008 0.014 0.005
z-band PS1-11amh 55790.3  0.5  0.6 -1.0 0.3 0.3 -3.8 1.4 1.7 -6.8 0.6 0.8 -3.0 0.5 0.5 -5.0 1.0 1.1 1.0 0.4 0.3 20  7  5  98 32 24 10  6  4 2.34 0.07 0.05 0.033 0.010 0.010
z-band PS1-11amv 55801.5  0.6  0.4 -0.9 0.3 0.3 -2.1 1.2 1.6 -4.5 1.5 1.6 -3.0 0.5 0.5 -5.0 0.9 0.9 1.0 0.4 0.3 13 10  5 100 33 24 10  7  4 1.43 2.15 1.01 0.002 0.002 0.001
z-band PS1-11anm 55763.4  0.8  1.3 -1.0 0.3 0.3 -2.4 1.0 1.5 -2.8 1.2 0.9 -3.0 0.5 0.5 -5.1 1.0 1.0 1.0 0.4 0.3 18  4  3  98 38 26 10  6  4 0.23 0.14 0.08 0.058 0.008 0.006
z-band PS1-11aof 55777.1  0.5  0.3 -1.0 0.3 0.3 -5.7 0.8 0.9 -3.7 0.3 0.7 -2.8 0.5 0.5 -4.2 0.8 0.9 1.0 0.4 0.3 26  9 11  86 43 36 11  7  4 2.05 0.14 0.13 0.193 0.023 0.020
z-band PS1-11apd 55789.3  0.8  0.7 -1.0 0.3 0.3 -6.2 0.8 1.0 -5.8 0.3 0.4 -2.7 0.3 0.2 -4.6 1.0 0.4 1.0 0.3 0.2 14  4  3  72  5  6 15  8  5 0.82 0.03 0.02 0.046 0.005 0.004
z-band PS1-11asz 55822.9  0.3  0.3 -1.0 0.3 0.3 -4.3 0.6 1.1 -5.9 0.5 0.9 -2.3 0.3 0.3 -3.9 1.0 0.7 1.1 0.3 0.3 17  5  3  71  4  6 17  7  7 0.92 0.06 0.06 0.034 0.010 0.011
z-band PS1-11awd 55849.3  0.4  1.2 -1.0 0.3 0.3 -4.6 0.1 0.1 -3.7 0.1 0.9 -2.9 0.4 0.4 -5.0 0.4 0.8 1.0 0.4 0.3 56  3 14  81 33 33 10  6  4 0.79 0.04 0.09 0.014 0.005 0.006
z-band PS1-11azd 55880.3  0.0  0.1 -0.8 0.3 0.3 -3.6 0.7 1.2 -4.7 0.8 1.2 -3.0 0.4 0.5 -4.4 0.4 0.6 1.1 0.4 0.3 19  7  5  99 30 25 10  7  4 0.81 0.28 0.15 0.021 0.003 0.003
z-band PS1-11azi 55877.5  0.5  0.5 -1.0 0.3 0.3 -3.0 0.2 0.2 -4.5 0.2 0.2 -2.3 0.3 0.4 -4.4 1.1 0.6 1.0 0.3 0.3 11  1  1  49  3  3 16  9  6 3.45 0.12 0.10 0.009 0.016 0.006
z-band PS1-11azt 55878.8  0.3  0.4 -1.0 0.3 0.3 -3.7 0.3 0.4 -4.2 0.8 1.5 -2.8 0.5 0.5 -4.6 0.9 1.1 1.1 0.5 0.3 26  6  6  99 36 26 11  9  4 1.86 0.26 0.22 0.014 0.032 0.010
z-band PS1-11azv 55876.8  0.7  1.1 -1.0 0.3 0.3 -3.6 0.4 0.4 -6.3 0.8 0.9 -2.7 0.3 0.3 -4.4 0.3 0.3 1.0 0.3 0.3 22  4  5  50  5  6 15  5  4 0.93 0.07 0.05 0.007 0.012 0.005
z-band PS1-11bbg 55888.0  0.3  0.7 -1.0 0.3 0.3 -3.5 0.1 0.1 -3.8 0.1 0.1 -2.5 0.4 0.5 -4.9 1.3 0.7 1.0 0.4 0.3 29  2  1  97  9 10 14  8  5 2.11 0.08 0.09 0.013 0.014 0.010
z-band PS1-12c   55852.4 11.1  9.3 -1.0 0.3 0.3 -3.9 1.4 1.4 -4.2 0.2 0.2 -2.8 0.2 0.1 -4.9 0.3 0.2 1.0 0.3 0.3 18  5  5  71 12 12 19  3  5 0.53 0.14 0.10 0.016 0.002 0.002
z-band PS1-12d   55899.0  5.7  2.1 -1.0 0.3 0.3 -3.1 0.7 1.7 -6.6 2.8 1.0 -3.8 1.3 0.1 -3.0 0.3 1.3 1.0 0.4 0.3 19 35  4  47 13  5 47  8 30 1.68 0.07 0.06 0.008 0.010 0.006
z-band PS1-12y   55924.2  1.6 31.3 -1.0 0.3 0.3 -6.5 3.0 0.8 -2.2 0.1 1.4 -2.8 0.9 0.6 -5.2 1.1 1.0 1.0 0.4 0.3 60  1 17  89 36 30 12  7  5 1.96 1.37 0.07 0.007 0.008 0.005
z-band PS1-12bt  55827.5 15.0 13.5 -1.0 0.3 0.3 -3.7 1.6 1.6 -4.3 0.7 0.5 -3.1 0.5 0.5 -4.4 0.1 0.2 1.0 0.4 0.2 19  6  5  71 59 17  9  5  3 0.40 0.56 0.17 0.002 0.001 0.001
z-band PS1-12rk  55996.2  0.5  0.6 -1.0 0.3 0.3 -4.1 0.2 0.2 -5.9 0.8 1.0 -2.9 0.5 0.5 -4.0 0.6 0.4 0.9 0.3 0.2 40  6  4  97 30 25 11  7  4 0.54 0.03 0.03 0.036 0.005 0.005
z-band PS1-12wn  55999.3  0.6  0.3 -1.0 0.3 0.3 -3.7 0.4 0.5 -5.2 0.9 1.1 -2.9 0.5 0.5 -4.2 0.8 1.0 1.0 0.4 0.3 21  7  4  95 33 23 11  8  5 0.68 0.05 0.05 0.042 0.012 0.010
z-band PS1-12zd  56016.1  0.1  0.3 -0.9 0.3 0.3 -4.1 1.6 1.5 -3.7 0.3 0.4 -2.9 0.5 0.5 -4.8 0.9 1.0 1.1 0.3 0.3 13  3  2 104 34 28 10  7  4 1.41 0.11 0.08 0.049 0.009 0.009
z-band PS1-12zp  56019.4  0.1  0.1 -1.0 0.3 0.3 -4.9 0.6 0.6 -5.8 1.8 1.1 -2.9 0.5 0.6 -3.7 0.7 0.6 1.0 0.4 0.3 26 12  9  95 31 24 10  7  4 0.93 0.05 0.03 0.006 0.007 0.004
z-band PS1-12auw 56080.7  0.4  0.5 -1.0 0.3 0.3 -4.1 0.3 0.4 -5.2 0.8 0.9 -3.0 0.5 0.5 -3.7 0.5 0.4 1.0 0.3 0.2 18  7  5  98 34 23 11  8  4 1.38 0.19 0.12 0.007 0.006 0.005
z-band PS1-12bku 56160.7  0.3  0.2 -1.0 0.3 0.3 -3.2 0.1 0.1 -5.3 0.3 0.5 -2.4 0.3 0.3 -4.6 1.2 1.1 1.0 0.4 0.2 32  1  1  59  7  9 14  7  5 2.33 0.05 0.06 0.006 0.007 0.004
z-band PS1-12bmp 56201.1  0.3  0.5 -1.0 0.3 0.3 -4.6 0.1 0.1 -3.8 0.4 0.3 -2.4 0.4 0.7 -4.2 0.3 0.6 1.0 0.3 0.3 58  7  6  39 81  5  6  7  2 0.98 0.05 0.05 0.015 0.005 0.005
z-band PS1-12bml 56200.8  1.0  3.8 -1.0 0.3 0.3 -4.6 1.0 1.1 -2.9 0.2 0.2 -3.0 0.5 0.4 -4.9 1.0 0.9 0.9 0.3 0.2 10  2  2 102 34 28 10  7  4 0.09 0.01 0.01 0.005 0.002 0.002
z-band PS1-12blz 56201.6  0.8  0.9 -1.0 0.3 0.3 -3.0 0.2 0.2 -4.6 0.1 0.1 -2.4 0.3 0.2 -4.0 0.2 0.2 0.9 0.3 0.2  8  1  1  51  2  2 12  5  3 1.99 0.03 0.03 0.018 0.007 0.007
z-band PS1-12boi 56201.6  0.8  0.8 -1.0 0.3 0.3 -3.0 0.3 0.5 -3.5 0.5 0.4 -3.0 0.5 0.5 -5.1 0.9 0.9 1.0 0.3 0.3 11  2  1 101 37 29 10  6  4 2.19 0.14 0.13 0.009 0.014 0.006
z-band PS1-12bza 56228.5  0.7  0.7 -1.0 0.3 0.3 -6.4 0.7 0.9 -6.3 0.4 0.6 -2.8 0.1 0.1 -4.7 0.2 0.3 1.0 0.4 0.3 16  6  4  52  4  5 27  4  4 1.28 0.03 0.03 0.016 0.010 0.011
z-band PS1-12cey 56237.0  0.4  0.5 -0.9 0.3 0.3 -2.7 0.5 2.2 -4.1 0.2 0.2 -2.6 0.4 0.3 -4.4 0.4 0.3 1.0 0.3 0.2 12  3  2  47 11  5 13  6  5 2.23 0.16 0.13 0.006 0.007 0.004
z-band PS1-13hp  56323.3  0.5  0.6 -1.0 0.3 0.3 -4.2 0.2 0.2 -3.5 0.2 0.2 -3.0 0.5 0.6 -5.3 0.9 0.8 1.0 0.4 0.3 51  4  3  95 30 23  9  7  4 2.61 0.15 0.16 0.120 0.026 0.024
z-band PS1-13vs  56342.7  0.7  0.8 -1.0 0.3 0.3 -4.1 0.7 1.0 -5.7 0.7 1.0 -2.9 0.5 0.5 -4.4 0.7 0.7 1.0 0.4 0.3 22  7  6  97 33 23 11  8  4 0.79 0.09 0.08 0.110 0.016 0.014
z-band PS1-13wr  56300.5  2.5  2.3 -1.0 0.3 0.3 -3.8 1.5 1.7 -5.2 0.2 0.3 -2.9 0.2 0.1 -4.6 0.4 0.7 1.0 0.3 0.2 20  8  5 107  6  8 22  6  6 0.90 0.10 0.10 0.017 0.005 0.004
z-band PS1-13alz 56397.2  0.1  0.1 -0.9 0.3 0.2 -4.0 0.3 0.2 -4.7 1.0 1.0 -2.9 0.5 0.5 -3.7 0.4 1.1 1.1 0.3 0.3 15  4  3  95 27 22 11  8  5 2.08 0.08 0.06 0.011 0.009 0.008
z-band PS1-13arp 56396.6  0.6  0.5 -1.0 0.3 0.3 -3.2 0.4 0.5 -5.9 0.8 1.0 -2.9 0.5 0.5 -3.9 0.7 0.9 1.0 0.4 0.3 20  4  3  96 30 26 12  8  5 1.06 0.10 0.10 0.095 0.020 0.018
z-band PS1-13ave 56404.3  0.1  0.2 -0.9 0.3 0.3 -3.6 0.3 0.3 -4.4 0.7 1.7 -3.2 0.4 0.2 -4.7 0.9 1.0 1.1 0.4 0.3 31 11  8  40 75  7 15  8  8 6.53 0.57 0.58 0.080 0.050 0.074
z-band PS1-13atm 56352.9  0.9  1.1 -1.0 0.3 0.3 -0.8 0.4 0.5 -4.6 0.6 1.3 -2.8 0.5 0.5 -4.5 0.8 1.1 1.0 0.4 0.3 38  2  1  98 31 25 12  7  5 3.79 0.40 0.39 0.010 0.028 0.007
z-band PS1-13bvb 56451.6  0.5  0.7 -1.0 0.3 0.3 -5.5 0.9 1.0 -5.1 2.1 0.7 -2.4 0.4 0.7 -4.7 1.1 1.0 1.0 0.3 0.2 20 33  7  56 43  7 14  7  6 1.80 0.15 0.13 0.104 0.031 0.027
z-band PS1-13cqb 56503.6  1.1  0.9 -1.0 0.3 0.3 -3.6 0.7 0.9 -5.0 0.4 0.8 -3.0 0.5 0.5 -5.0 1.1 1.0 1.0 0.3 0.3 20  6  5  89 34 18 10  6  4 0.79 0.14 0.12 0.142 0.024 0.020
z-band PS1-13cua 56544.7  0.2  0.2 -1.0 0.3 0.3 -4.0 0.1 0.1 -3.8 0.1 0.1 -3.0 0.5 0.5 -5.1 1.1 1.0 1.0 0.4 0.3 54  2  2  99 35 24 10  8  4 1.12 0.04 0.04 0.012 0.009 0.008
z-band PS1-13eck 56613.7  0.3  0.4 -1.0 0.3 0.3 -4.8 0.3 0.3 -2.7 0.2 0.2 -3.0 0.6 0.5 -5.0 1.0 0.9 1.0 0.4 0.3 40  1  1 101 33 27 10  6  4 1.47 0.08 0.07 0.031 0.018 0.021
z-band PS1-13esn 56637.2  0.9  0.9 -1.0 0.3 0.3 -4.6 1.1 1.2 -3.3 1.0 0.7 -2.9 0.5 0.5 -4.9 0.9 1.1 1.0 0.4 0.3 22  6  5  99 31 27 10  6  4 1.15 0.10 0.06 0.007 0.008 0.005
y-band PS1-10a   55200.9  0.8  0.8 -1.0 0.3 0.3 -4.1 1.8 2.1 -4.9 1.5 1.5 -2.9 0.5 0.6 -5.0 1.0 1.0 1.0 0.3 0.3 30 10  7 100 34 26 10  7  4 1.00 0.96 0.50 0.010 0.027 0.007
y-band PS1-10b   55204.0  0.4  0.5 -1.0 0.3 0.3 -3.9 1.8 2.0 -4.9 1.5 1.6 -3.0 0.5 0.5 -5.0 1.0 1.0 1.0 0.4 0.3 30 11  7 101 37 27 10  6  4 0.99 1.00 0.52 0.010 0.023 0.007
y-band PS1-10q   55200.4  0.7  0.7 -1.0 0.3 0.3 -3.9 1.9 2.1 -4.9 1.4 1.4 -3.0 0.5 0.5 -5.0 1.0 1.0 1.0 0.3 0.3 30 11  8 102 36 26 10  7  4 1.02 0.89 0.49 0.010 0.022 0.007
y-band PS1-10t   55205.2  0.9  0.8 -1.0 0.3 0.3 -3.9 2.0 2.1 -4.9 1.5 1.5 -3.0 0.5 0.5 -5.0 0.9 1.0 1.0 0.3 0.3 30 10  8 101 37 27 10  6  4 1.07 1.15 0.58 0.010 0.028 0.008
y-band PS1-10ae  55239.3  0.1  0.1 -1.0 0.3 0.3 -4.2 1.9 1.8 -5.0 1.5 1.5 -3.0 0.5 0.5 -5.0 1.0 0.9 1.0 0.3 0.3 30 10  8 100 31 27 10  6  4 0.95 1.10 0.47 0.011 0.032 0.008
y-band PS1-10lv  55379.1  3.0  3.9 -1.0 0.3 0.3 -4.0 2.1 1.8 -4.8 1.6 1.6 -3.0 0.5 0.5 -5.0 1.0 1.0 1.0 0.3 0.2 30 10  8 100 33 26 10  7  4 1.01 0.91 0.49 0.009 0.025 0.007
y-band PS1-10mb  55374.4  0.8  0.9 -1.0 0.3 0.3 -3.9 1.9 2.0 -4.9 1.5 1.6 -3.0 0.5 0.5 -5.0 1.0 1.0 1.0 0.3 0.3 30 11  7 101 32 28 10  7  4 0.95 1.04 0.47 0.009 0.025 0.007
y-band PS1-10zu  55354.8 24.7  5.5 -1.0 0.3 0.3 -4.1 2.2 2.0 -4.8 1.5 1.4 -3.0 0.5 0.4 -5.0 1.1 1.0 1.0 0.3 0.3 30 11  8  97 33 23 10  7  4 0.98 1.09 0.50 0.009 0.023 0.007
y-band PS1-10abd 55387.4  3.5  4.5 -1.0 0.3 0.3 -4.1 2.1 1.9 -4.8 1.4 1.6 -3.0 0.5 0.5 -5.0 1.0 1.0 1.0 0.4 0.2 30 11  8 100 34 26 10  7  4 0.96 1.05 0.47 0.009 0.025 0.007
y-band PS1-10agh 55433.9  0.4  0.8 -1.0 0.3 0.3 -4.3 1.9 1.8 -4.8 1.5 1.7 -3.0 0.5 0.5 -4.9 0.9 1.1 1.0 0.3 0.3 30 10  8  97 38 27 10  6  4 0.98 1.03 0.48 0.010 0.032 0.008
y-band PS1-10awc 55454.2  0.2  0.4 -1.0 0.3 0.3 -4.1 2.0 2.0 -4.8 1.4 1.6 -3.0 0.5 0.5 -5.0 1.0 0.9 1.0 0.4 0.3 30 10  7  99 34 27 10  7  4 0.99 1.02 0.47 0.010 0.025 0.007
y-band PS1-10biu 55495.0  0.5  0.7 -1.0 0.3 0.3 -4.2 2.0 1.8 -4.9 1.7 1.5 -3.0 0.5 0.5 -5.0 1.0 1.1 1.0 0.3 0.3 30 11  8  99 38 27 10  6  4 0.97 1.09 0.47 0.010 0.032 0.008
y-band PS1-10blk 55508.3  0.1  0.2 -1.0 0.3 0.3 -4.1 1.8 1.9 -4.9 1.3 1.3 -3.0 0.5 0.5 -5.1 1.0 0.9 1.0 0.3 0.3 30 10  8 101 35 25 10  6  4 0.98 0.99 0.48 0.011 0.032 0.008
y-band PS1-11u   55509.4 11.9 17.5 -1.0 0.3 0.3 -4.0 1.8 1.9 -4.9 1.4 1.4 -3.0 0.5 0.5 -5.0 0.9 1.0 1.0 0.3 0.3 29 11  8 100 36 24 10  7  4 0.99 1.00 0.50 0.009 0.030 0.007
y-band PS1-11z   55539.0  7.5 12.4 -1.0 0.3 0.3 -4.1 1.9 1.9 -4.9 1.5 1.4 -3.0 0.5 0.5 -5.1 1.1 1.0 1.0 0.3 0.2 30  9  8 101 38 26 10  6  4 0.98 1.06 0.50 0.010 0.028 0.008
y-band PS1-11ai  55498.6 14.2 11.5 -1.0 0.3 0.3 -4.1 1.9 1.9 -5.0 1.5 1.3 -3.0 0.5 0.5 -5.0 1.0 1.0 1.0 0.3 0.2 30 11  8 101 35 27 10  6  4 1.02 1.03 0.50 0.010 0.025 0.007
y-band PS1-11ak  55592.9  0.8  0.9 -1.0 0.3 0.3 -4.0 1.6 2.0 -4.9 1.4 1.4 -3.0 0.5 0.5 -4.9 1.0 1.0 1.0 0.3 0.2 30 11  8  98 36 25 10  6  4 0.99 0.97 0.52 0.011 0.028 0.008
y-band PS1-11bo  55574.2  1.0  0.9 -1.0 0.3 0.3 -4.0 1.8 2.1 -5.0 1.6 1.6 -3.0 0.5 0.5 -5.1 1.0 0.9 1.0 0.3 0.3 30 10  8 100 34 24 10  7  4 0.96 0.97 0.45 0.011 0.036 0.008
y-band PS1-11fl  55559.2 12.9 13.6 -1.0 0.3 0.3 -4.1 1.9 1.9 -4.8 1.5 1.5 -3.0 0.6 0.5 -5.0 1.0 1.0 1.0 0.3 0.2 31 11  8 101 30 27 10  8  4 0.97 1.06 0.49 0.009 0.028 0.007
y-band PS1-11jg  55497.5  9.4 10.9 -1.0 0.3 0.3 -4.0 1.7 1.9 -4.9 1.5 1.3 -3.0 0.5 0.5 -5.0 1.0 1.0 1.0 0.4 0.3 30 11  8 101 36 26 10  6  4 0.99 0.94 0.49 0.011 0.041 0.009
y-band PS1-11kf  55578.9  7.5  8.5 -1.0 0.3 0.3 -4.2 1.9 1.9 -4.9 1.4 1.4 -3.0 0.5 0.5 -5.0 1.0 1.1 1.0 0.3 0.2 29 10  8  99 37 27 10  6  4 1.00 1.00 0.53 0.010 0.030 0.007
y-band PS1-11li  55600.7  0.7  0.8 -1.0 0.3 0.3 -4.1 2.1 2.0 -4.8 1.6 1.6 -3.0 0.5 0.5 -5.0 1.0 1.0 1.0 0.3 0.3 30 12  8 100 37 24 10  6  4 1.00 1.05 0.52 0.011 0.032 0.009
y-band PS1-11lj  55603.6  0.6  0.7 -1.0 0.3 0.3 -4.1 2.1 1.9 -4.9 1.6 1.4 -3.0 0.6 0.6 -4.9 1.0 1.1 1.0 0.4 0.3 30 10  7 100 34 26 10  6  4 0.97 0.95 0.47 0.010 0.033 0.008
y-band PS1-11lr  55611.5  0.5  0.6 -1.0 0.3 0.3 -4.0 2.0 2.1 -4.8 1.4 1.5 -3.0 0.5 0.5 -5.1 1.0 0.9 1.0 0.4 0.3 31 10  8 100 39 27 10  6  4 0.96 0.95 0.47 0.010 0.032 0.007
y-band PS1-11lq  55612.4  0.7  0.7 -1.0 0.3 0.3 -4.1 1.7 2.0 -4.8 1.4 1.7 -3.0 0.4 0.5 -5.0 0.9 0.9 1.0 0.4 0.3 30 10  8 102 33 27 10  6  4 1.05 0.97 0.56 0.011 0.030 0.008
y-band PS1-11md  55616.6  4.3  5.4 -1.0 0.3 0.3 -4.1 1.9 1.9 -4.9 1.5 1.5 -3.0 0.5 0.5 -5.0 1.0 1.0 1.0 0.4 0.3 30 10  7 101 36 27 10  6  4 1.01 0.98 0.52 0.010 0.027 0.007
y-band PS1-11pf  55633.2  0.2  0.4 -1.0 0.3 0.3 -4.1 1.9 2.0 -5.0 1.4 1.5 -3.0 0.5 0.5 -5.1 1.0 0.9 1.0 0.4 0.2 30 10  7  99 34 25 10  6  4 0.99 1.02 0.48 0.009 0.026 0.007
y-band PS1-11qe  55644.4  0.5  0.9 -1.0 0.3 0.3 -4.1 1.9 2.1 -4.9 1.5 1.5 -3.0 0.5 0.5 -5.1 0.9 1.0 1.0 0.4 0.3 30 10  8 100 32 26 10  6  4 0.98 0.93 0.43 0.010 0.027 0.008
y-band PS1-11si  55671.1  0.6  0.7 -1.0 0.3 0.3 -4.1 1.9 1.6 -4.9 1.5 1.6 -3.0 0.5 0.6 -4.9 1.0 1.2 1.0 0.4 0.3 30 11  7 101 33 25 10  7  4 1.03 1.01 0.49 0.010 0.027 0.008
y-band PS1-11sm  55659.3  0.6  0.8 -1.0 0.3 0.3 -4.1 1.8 1.9 -4.9 1.5 1.5 -3.0 0.5 0.5 -5.0 1.0 1.1 1.0 0.3 0.2 30 11  8  99 35 25 10  7  4 0.97 0.97 0.48 0.010 0.025 0.007
y-band PS1-11ua  55646.7  7.3 11.3 -1.0 0.3 0.3 -4.1 1.9 2.0 -4.8 1.5 1.5 -3.0 0.5 0.5 -4.9 1.0 1.1 1.0 0.3 0.3 30  9  9  98 37 25 10  6  4 1.00 1.00 0.50 0.009 0.024 0.007
y-band PS1-11uv  55670.8  0.6  1.4 -1.0 0.3 0.3 -3.9 1.9 2.3 -4.8 1.4 1.4 -3.0 0.5 0.5 -5.0 0.9 0.9 1.0 0.4 0.3 30 11  8  99 36 27 10  6  4 1.00 0.92 0.49 0.010 0.028 0.007
y-band PS1-11vn  55673.1  0.4  0.5 -1.0 0.3 0.3 -4.0 1.9 2.1 -4.8 1.5 1.6 -3.0 0.5 0.5 -5.0 1.1 1.0 1.0 0.4 0.3 30 11  7 101 39 26 10  7  4 1.00 0.91 0.50 0.010 0.020 0.007
y-band PS1-11wj  55669.5  0.6  0.8 -1.0 0.3 0.3 -4.1 1.9 2.0 -4.9 1.5 1.4 -3.0 0.5 0.5 -5.0 1.0 1.0 1.0 0.4 0.3 30 11  7 100 34 27 10  6  4 0.98 1.07 0.49 0.010 0.023 0.007
y-band PS1-11yh  55690.8  4.3  5.5 -1.0 0.3 0.3 -4.0 2.0 2.1 -4.8 1.4 1.6 -3.0 0.5 0.5 -5.0 1.0 1.0 1.0 0.3 0.2 30  9  8 100 32 24 10  6  4 0.97 0.93 0.46 0.010 0.025 0.007
y-band PS1-11amh 55790.3  0.5  0.6 -1.0 0.3 0.3 -5.4 0.8 1.1 -6.8 0.9 1.0 -3.0 0.5 0.5 -5.0 1.1 1.1 1.0 0.3 0.2 35 13  9 101 35 27 10  6  4 2.11 0.08 0.08 0.009 0.020 0.006
y-band PS1-11amv 55801.5  0.6  0.4 -1.0 0.3 0.3 -4.4 1.3 1.8 -4.9 1.3 1.4 -3.0 0.5 0.5 -5.0 0.9 1.0 1.0 0.3 0.3 29 10  8 102 34 26 10  6  4 0.79 0.15 0.04 0.004 0.004 0.003
y-band PS1-11anm 55763.4  0.8  1.3 -1.0 0.3 0.3 -3.4 1.6 2.1 -4.4 1.0 1.2 -3.0 0.5 0.5 -5.1 1.0 1.0 1.0 0.3 0.3 30 10  7 100 36 26 10  6  4 0.19 0.13 0.06 0.081 0.015 0.014
y-band PS1-11aof 55777.1  0.5  0.3 -1.0 0.3 0.3 -6.0 1.1 1.4 -3.8 0.3 0.3 -3.0 0.5 0.6 -4.9 0.9 1.0 1.0 0.4 0.3 25  7  6 104 36 28 10  7  4 2.57 0.29 0.26 0.370 0.055 0.049
y-band PS1-11apd 55789.3  0.8  0.7 -1.0 0.3 0.3 -6.6 1.0 1.3 -5.4 0.5 1.0 -2.7 0.5 0.4 -3.7 0.7 0.8 1.0 0.3 0.2 25  8  7  59  9  7 13  8  5 0.89 0.05 0.04 0.040 0.009 0.007
y-band PS1-11asz 55822.9  0.3  0.3 -1.0 0.3 0.3 -5.2 1.5 1.6 -5.0 0.7 1.1 -3.0 0.5 0.5 -5.2 1.1 1.0 1.0 0.4 0.3 28  9  6 101 36 27 10  6  4 0.66 0.18 0.15 0.210 0.043 0.035
y-band PS1-11awd 55849.3  0.4  1.2 -1.0 0.3 0.3 -4.1 0.7 1.2 -6.8 3.2 1.2 -2.9 0.4 0.4 -4.2 0.7 0.6 1.0 0.3 0.2 30 45  8  64 27  9 10  6  4 0.68 0.05 0.03 0.005 0.007 0.004
y-band PS1-11azd 55880.3  0.0  0.1 -1.0 0.3 0.3 -4.5 1.5 1.7 -5.4 0.9 1.2 -3.1 0.5 0.5 -4.5 0.3 0.4 1.0 0.4 0.3 29 10  7 100 30 26 10  6  4 0.93 0.33 0.10 0.025 0.010 0.010
y-band PS1-11azi 55877.5  0.5  0.5 -1.0 0.3 0.3 -4.8 1.6 1.6 -3.8 0.4 0.4 -2.9 0.5 0.5 -4.6 0.8 1.0 1.0 0.4 0.3 26  7  5 104 37 28 10  6  4 2.60 0.43 0.34 0.010 0.028 0.007
y-band PS1-11azt 55878.8  0.3  0.4 -1.0 0.3 0.3 -3.8 1.9 2.2 -5.1 1.6 1.3 -3.0 0.5 0.5 -5.0 1.0 0.9 1.0 0.3 0.3 29 10  7 100 35 27 10  6  4 1.00 1.01 0.51 0.010 0.030 0.008
y-band PS1-11azv 55876.8  0.7  1.1 -1.0 0.3 0.3 -5.0 1.5 1.6 -4.5 0.6 0.8 -3.0 0.5 0.5 -4.9 0.9 0.8 1.0 0.3 0.2 28  9  7 102 36 30 10  6  4 0.81 0.14 0.13 0.008 0.014 0.006
y-band PS1-11bbg 55888.0  0.3  0.7 -1.0 0.3 0.3 -6.1 1.1 1.3 -4.6 0.4 0.5 -2.9 0.5 0.5 -4.4 0.8 0.9 1.0 0.4 0.3 28  9  6 106 37 26 11  8  4 1.20 0.10 0.10 0.008 0.017 0.006
y-band PS1-12c   55852.4 11.1  9.3 -1.0 0.3 0.3 -4.0 2.0 2.0 -3.5 0.4 0.4 -3.0 0.5 0.5 -5.0 0.9 1.0 1.0 0.3 0.3 30 12  8  95 34 24 10  7  4 1.03 0.78 0.46 0.032 0.012 0.013
y-band PS1-12d   55899.0  5.7  2.1 -1.0 0.3 0.3 -4.7 1.8 1.8 -5.9 0.8 1.2 -2.7 0.4 0.5 -4.4 1.1 0.7 1.0 0.3 0.2 24  6  5  75 11  9 13  8  5 1.22 0.08 0.06 0.010 0.021 0.007
y-band PS1-12y   55924.2  1.6 31.3 -1.0 0.3 0.3 -5.8 1.2 1.3 -4.5 0.8 0.7 -2.9 0.5 0.5 -4.5 0.9 0.9 1.0 0.3 0.2 27  9  7 100 33 24 11  6  4 1.79 0.42 0.44 0.424 0.102 0.407
y-band PS1-12bt  55827.5 15.0 13.5 -1.0 0.3 0.3 -3.9 2.0 2.2 -4.8 0.7 1.1 -3.0 0.4 0.5 -4.9 0.8 0.7 1.0 0.3 0.2 28 10  8 105 34 33  9  6  4 0.12 0.11 0.04 0.007 0.006 0.005
y-band PS1-12rk  55996.2  0.5  0.6 -1.0 0.3 0.3 -4.8 1.5 1.6 -5.3 0.6 0.8 -2.9 0.6 0.5 -3.9 0.7 0.7 1.0 0.3 0.3 26  8  6  99 34 24 11  8  5 0.62 0.09 0.07 0.006 0.009 0.005
y-band PS1-12wn  55999.3  0.6  0.3 -1.0 0.3 0.3 -4.4 1.1 1.8 -4.7 0.9 1.2 -3.0 0.5 0.5 -5.2 0.7 0.9 1.0 0.4 0.3 28 10  7  98 33 23 11  6  4 0.97 0.53 0.28 0.020 0.060 0.016
y-band PS1-12zd  56016.1  0.1  0.3 -1.0 0.3 0.3 -3.8 1.6 1.9 -4.3 1.3 1.5 -2.9 0.5 0.5 -4.7 1.0 1.0 1.0 0.4 0.3 30 10  8 101 35 26 11  7  5 0.73 0.54 0.32 0.161 0.037 0.035
y-band PS1-12zp  56019.4  0.1  0.1 -1.0 0.3 0.3 -3.9 1.5 1.9 -5.7 1.1 1.2 -3.0 0.5 0.5 -4.5 0.8 0.8 1.0 0.4 0.3 33 10 10 101 39 26 11  7  4 0.80 0.14 0.13 0.008 0.017 0.006
y-band PS1-12auw 56080.7  0.4  0.5 -1.0 0.3 0.3 -5.1 0.9 1.3 -5.7 0.9 1.2 -2.9 0.5 0.5 -4.5 0.7 0.5 0.9 0.3 0.3 29 10  8  99 35 24 11  7  4 0.94 0.13 0.10 0.011 0.026 0.008
y-band PS1-12bku 56160.7  0.3  0.2 -0.8 0.3 0.3 -3.0 0.5 1.1 -4.8 0.8 0.9 -2.6 0.4 0.5 -4.2 0.5 0.5 1.2 0.4 0.3 17  8  4  51 40  5 10  5  4 2.07 0.60 0.36 0.008 0.014 0.006
y-band PS1-12bmp 56201.1  0.3  0.5 -1.0 0.3 0.3 -4.6 0.7 1.0 -6.2 1.1 1.1 -2.6 0.4 0.5 -4.1 0.7 0.6 1.0 0.3 0.2 31 10  8  61 11  9 12  6  4 0.78 0.08 0.05 0.088 0.013 0.011
y-band PS1-12bml 56200.8  1.0  3.8 -1.0 0.3 0.3 -1.8 1.2 3.0 -1.3 0.7 0.7 -3.0 0.5 0.5 -5.0 0.9 1.0 0.9 0.3 0.2 22 16  6 100 34 26 10  6  4 0.31 0.56 0.18 0.019 0.004 0.014
y-band PS1-12blz 56201.6  0.8  0.9 -1.0 0.3 0.3 -5.3 1.6 1.5 -4.0 0.2 0.2 -3.0 0.5 0.5 -4.6 0.6 0.7 1.0 0.3 0.3 29  6  7 109 37 25 11  7  4 1.68 0.16 0.08 0.007 0.015 0.005
y-band PS1-12boi 56201.6  0.8  0.8 -1.0 0.3 0.3 -5.0 1.5 1.5 -4.0 1.2 1.3 -3.0 0.5 0.5 -4.6 0.9 1.0 1.0 0.3 0.3 27  9  6 101 31 26 11  8  4 1.74 0.50 0.49 0.013 0.072 0.010
y-band PS1-12bza 56228.5  0.7  0.7 -1.0 0.3 0.3 -6.8 0.9 1.2 -4.4 0.2 0.4 -2.9 0.4 0.5 -5.0 0.5 0.6 1.0 0.3 0.3 18  8  4  69 52 11 10  6  4 1.15 0.09 0.10 0.032 0.047 0.027
y-band PS1-12cey 56237.0  0.4  0.5 -1.0 0.3 0.3 -4.5 1.7 1.9 -4.2 0.5 0.6 -3.1 0.5 0.4 -5.6 0.8 0.8 1.0 0.3 0.2 25  5  5  94 39 25  9  6  3 1.25 0.20 0.20 0.009 0.021 0.007
y-band PS1-13hp  56323.3  0.5  0.6 -1.0 0.3 0.3 -4.9 1.4 1.6 -5.7 0.9 1.1 -2.9 0.5 0.5 -3.8 0.7 0.7 1.0 0.4 0.2 28 10  7  96 27 26 11  8  5 1.50 0.23 0.19 0.010 0.023 0.007
y-band PS1-13vs  56342.7  0.7  0.8 -1.0 0.3 0.3 -4.8 0.8 1.2 -4.7 1.0 1.2 -2.9 0.5 0.6 -4.2 0.8 1.0 1.0 0.3 0.2 34 14  9  97 33 24 11  7  4 0.92 0.18 0.12 0.013 0.027 0.010
y-band PS1-13wr  56300.5  2.5  2.3 -1.0 0.3 0.3 -1.8 0.9 1.0 -4.2 0.2 0.2 -3.1 0.5 0.4 -5.0 0.9 1.0 1.0 0.3 0.3 46  3  7 102 35 19 10  7  4 1.98 0.22 0.22 0.233 0.038 0.034
y-band PS1-13alz 56397.2  0.1  0.1 -1.0 0.3 0.3 -5.7 0.9 1.3 -3.7 0.7 0.6 -2.9 0.5 0.5 -4.9 1.0 1.1 1.0 0.4 0.3 29 10  7  99 30 23 11  8  5 2.00 0.23 0.10 0.014 0.035 0.010
y-band PS1-13arp 56396.6  0.6  0.5 -1.0 0.3 0.3 -4.0 1.8 2.0 -5.0 1.6 1.5 -3.0 0.5 0.5 -5.1 1.0 1.0 1.0 0.3 0.3 30 10  8 100 35 25 10  6  4 1.02 1.16 0.52 0.010 0.029 0.008
y-band PS1-13ave 56404.3  0.1  0.2 -1.0 0.3 0.3 -3.0 0.4 0.4 -5.2 0.4 0.5 -3.0 0.5 0.4 -5.1 1.0 0.9 1.0 0.4 0.3 17  4  4 100 33 25 10  7  4 5.14 0.39 0.33 0.011 0.053 0.008
y-band PS1-13atm 56352.9  0.9  1.1 -1.0 0.3 0.3 -2.4 1.0 1.4 -5.4 1.0 1.4 -3.0 0.5 0.4 -5.1 0.7 0.8 1.0 0.4 0.2 34  6  6  99 30 25 10  6  3 3.19 0.66 0.58 0.009 0.022 0.006
y-band PS1-13bvb 56451.6  0.5  0.7 -1.0 0.3 0.3 -5.8 1.4 1.4 -4.3 0.3 0.5 -2.9 0.5 0.5 -5.0 0.8 0.9 1.0 0.3 0.3 20  7  4  73 47 13 11  7  5 1.70 0.24 0.23 0.013 0.048 0.010
y-band PS1-13cqb 56503.6  1.1  0.9 -1.0 0.3 0.3 -4.4 1.4 1.6 -5.6 0.8 1.1 -3.0 0.5 0.5 -5.0 1.1 1.0 1.0 0.3 0.2 30  9  7 104 33 25 10  7  3 0.68 0.15 0.12 0.173 0.041 0.036
y-band PS1-13cua 56544.7  0.2  0.2 -1.0 0.3 0.3 -4.6 0.9 1.3 -6.2 1.0 1.0 -2.7 0.5 0.5 -4.8 1.0 1.0 1.0 0.3 0.3 30  9  8  75 11 10 11  6  4 0.58 0.08 0.07 0.007 0.010 0.005
y-band PS1-13eck 56613.7  0.3  0.4 -1.1 0.3 0.3 -6.5 1.0 1.3 -4.5 0.9 1.1 -3.0 0.5 0.5 -4.9 1.1 1.0 0.8 0.2 0.2 29 12 10  93 33 23 11  6  4 1.04 0.09 0.09 0.011 0.034 0.008
y-band PS1-13esn 56637.2  0.9  0.9 -1.0 0.3 0.3 -4.0 1.9 2.0 -4.8 1.4 1.5 -3.0 0.5 0.5 -5.0 1.0 0.9 1.0 0.3 0.2 30 11  7  99 36 26 10  6  4 1.02 0.94 0.50 0.009 0.028 0.007